3 0.215 0.335 0.0425 0.07111111111111111
1 0.28285714285714286 0.29555555555555557 0.03785714285714286 0.06944444444444445
3 0.35 0.28 0.0275 0.06555555555555556
0 0.31607142857142856 0.3988888888888889 0.04178571428571429 0.0811111111111111
0 0.3821428571428571 0.36277777777777775 0.03642857142857143 0.07166666666666667
0 0.47535714285714287 0.45166666666666666 0.054642857142857146 0.09833333333333333
3 0.4275 0.15666666666666668 0.027142857142857142 0.05555555555555555
3 0.48178571428571426 0.15 0.017857142857142856 0.04555555555555556
1 0.4764285714285714 0.19444444444444445 0.03428571428571429 0.057777777777777775
2 0.5139285714285714 0.17555555555555555 0.026785714285714284 0.06166666666666667
3 0.5228571428571429 0.25166666666666665 0.026785714285714284 0.06666666666666667
1 0.5353571428571429 0.15833333333333333 0.025357142857142856 0.06722222222222222
3 0.5710714285714286 0.1761111111111111 0.02142857142857143 0.04111111111111111
3 0.5728571428571428 0.2127777777777778 0.02107142857142857 0.045
0 0.6092857142857143 0.23055555555555557 0.02107142857142857 0.04666666666666667
0 0.6389285714285714 0.17444444444444446 0.021785714285714287 0.04555555555555556
3 0.6692857142857143 0.16055555555555556 0.017857142857142856 0.034444444444444444
3 0.6535714285714286 0.2827777777777778 0.025357142857142856 0.055
3 0.6685714285714286 0.21555555555555556 0.022857142857142857 0.04888888888888889
3 0.6946428571428571 0.19833333333333333 0.019285714285714285 0.045
0 0.7378571428571429 0.19 0.023571428571428573 0.051111111111111114
0 0.6892857142857143 0.2677777777777778 0.026071428571428572 0.06666666666666667
0 0.7582142857142857 0.2833333333333333 0.027142857142857142 0.05555555555555555
0 0.7989285714285714 0.2688888888888889 0.019285714285714285 0.04111111111111111
3 0.7932142857142858 0.30777777777777776 0.022857142857142857 0.056666666666666664
3 0.7735714285714286 0.3377777777777778 0.02214285714285714 0.056666666666666664
3 0.8307142857142857 0.2972222222222222 0.025 0.056666666666666664