0 0.21642857142857144 0.3472222222222222 0.04267857142857143 0.07111111111111111
3 0.28285714285714286 0.28944444444444445 0.0375 0.06972222222222223
1 0.3460714285714286 0.2872222222222222 0.03 0.07472222222222222
3 0.31392857142857145 0.3705555555555556 0.04196428571428571 0.0811111111111111
0 0.38607142857142857 0.35555555555555557 0.03642857142857143 0.07138888888888889
0 0.4471428571428571 0.4388888888888889 0.054464285714285715 0.09805555555555556
0 0.4275 0.17 0.027142857142857142 0.05555555555555555
0 0.4828571428571429 0.16666666666666666 0.02125 0.04694444444444444
0 0.4828571428571429 0.21666666666666667 0.025535714285714287 0.049166666666666664
0 0.5260714285714285 0.1827777777777778 0.020892857142857144 0.03861111111111111
3 0.5114285714285715 0.21388888888888888 0.022857142857142857 0.05333333333333334
0 0.5203571428571429 0.14666666666666667 0.025 0.04388888888888889
0 0.5875 0.18722222222222223 0.02142857142857143 0.04111111111111111
1 0.5721428571428572 0.21055555555555555 0.03017857142857143 0.06111111111111111
0 0.6103571428571428 0.24166666666666667 0.029464285714285714 0.056666666666666664
0 0.6389285714285714 0.17444444444444446 0.021964285714285714 0.04611111111111111
0 0.6714285714285714 0.16444444444444445 0.0225 0.0425
0 0.6571428571428571 0.3016666666666667 0.031785714285714285 0.06972222222222223
3 0.6685714285714286 0.21555555555555556 0.022857142857142857 0.04888888888888889
0 0.6967857142857142 0.20444444444444446 0.023571428571428573 0.0575
0 0.7389285714285714 0.20333333333333334 0.027142857142857142 0.07138888888888889
1 0.6942857142857143 0.27166666666666667 0.03589285714285714 0.07416666666666667
0 0.7442857142857143 0.2733333333333333 0.027142857142857142 0.05555555555555555
3 0.7732142857142857 0.2461111111111111 0.023392857142857142 0.04555555555555556
3 0.8028571428571428 0.30777777777777776 0.022857142857142857 0.05611111111111111
0 0.7714285714285715 0.33111111111111113 0.026964285714285715 0.06416666666666666
3 0.8289285714285715 0.295 0.025 0.056666666666666664