1 0.21642857142857144 0.33111111111111113 0.04267857142857143 0.07111111111111111
1 0.275 0.31 0.038214285714285715 0.06916666666666667
0 0.3385714285714286 0.2861111111111111 0.03 0.07472222222222222
3 0.29714285714285715 0.36 0.041607142857142856 0.08055555555555556
3 0.4228571428571429 0.15444444444444444 0.027142857142857142 0.05555555555555555
0 0.47714285714285715 0.14777777777777779 0.02125 0.04694444444444444
3 0.4639285714285714 0.18388888888888888 0.02517857142857143 0.04972222222222222
1 0.6114285714285714 0.19333333333333333 0.025357142857142856 0.051111111111111114
1 0.5171428571428571 0.215 0.023035714285714284 0.059166666666666666
0 0.5339285714285714 0.18 0.025 0.04388888888888889
1 0.5803571428571429 0.18666666666666668 0.019464285714285715 0.044444444444444446
3 0.5639285714285714 0.2127777777777778 0.030535714285714284 0.06111111111111111
0 0.5882142857142857 0.2827777777777778 0.03214285714285714 0.06888888888888889
1 0.6310714285714286 0.16722222222222222 0.01767857142857143 0.043333333333333335
3 0.6564285714285715 0.15388888888888888 0.021785714285714287 0.043055555555555555
0 0.6382142857142857 0.2838888888888889 0.03214285714285714 0.06972222222222223
1 0.6796428571428571 0.26055555555555554 0.029285714285714286 0.06305555555555556
0 0.7178571428571429 0.19777777777777777 0.024464285714285713 0.05305555555555556
3 0.6896428571428571 0.19722222222222222 0.027857142857142858 0.057777777777777775
3 0.7585714285714286 0.24222222222222223 0.024464285714285713 0.05305555555555556
0 0.8114285714285714 0.30277777777777776 0.02892857142857143 0.07
0 0.7614285714285715 0.31166666666666665 0.028392857142857143 0.07472222222222222
0 0.8764285714285714 0.365 0.03857142857142857 0.07111111111111111