1 0.23142857142857143 0.33111111111111113 0.04267857142857143 0.07111111111111111
1 0.2742857142857143 0.31277777777777777 0.0375 0.06972222222222223
0 0.3435714285714286 0.27444444444444444 0.03 0.07527777777777778
0 0.3007142857142857 0.3705555555555556 0.037321428571428575 0.08555555555555555
0 0.4303571428571429 0.155 0.027142857142857142 0.05555555555555555
1 0.47285714285714286 0.14555555555555555 0.023214285714285715 0.04861111111111111
0 0.4810714285714286 0.19833333333333333 0.02517857142857143 0.04972222222222222
1 0.6071428571428571 0.22277777777777777 0.03 0.06111111111111111
1 0.5142857142857142 0.2722222222222222 0.05839285714285714 0.12861111111111112
0 0.5753571428571429 0.18444444444444444 0.016428571428571428 0.045
1 0.5639285714285714 0.2127777777777778 0.030535714285714284 0.06111111111111111
0 0.5753571428571429 0.2833333333333333 0.03214285714285714 0.06888888888888889
0 0.6246428571428572 0.16 0.020714285714285713 0.04888888888888889
3 0.6564285714285715 0.15388888888888888 0.021785714285714287 0.043055555555555555
1 0.6385714285714286 0.2611111111111111 0.031785714285714285 0.06916666666666667
1 0.6810714285714285 0.26055555555555554 0.029285714285714286 0.06305555555555556
1 0.7242857142857143 0.19555555555555557 0.024464285714285713 0.05305555555555556
1 0.6842857142857143 0.20166666666666666 0.028214285714285713 0.057777777777777775
3 0.7575 0.2427777777777778 0.03375 0.05694444444444444
1 0.8114285714285714 0.3016666666666667 0.02892857142857143 0.07
0 0.7571428571428571 0.30777777777777776 0.028392857142857143 0.07527777777777778
1 0.8542857142857143 0.29777777777777775 0.03857142857142857 0.07111111111111111
0 0.39071428571428574 0.3383333333333333 0.03446428571428571 0.09194444444444444