1 0.23142857142857143 0.33666666666666667 0.0425 0.07111111111111111
1 0.2742857142857143 0.31277777777777777 0.03785714285714286 0.06944444444444445
1 0.34285714285714286 0.28833333333333333 0.02892857142857143 0.08555555555555555
0 0.3003571428571429 0.3705555555555556 0.0375 0.08555555555555555
3 0.4417857142857143 0.15333333333333332 0.027142857142857142 0.05555555555555555
3 0.4732142857142857 0.1411111111111111 0.023571428571428573 0.04833333333333333
0 0.4767857142857143 0.19111111111111112 0.025357142857142856 0.049444444444444444
1 0.6071428571428571 0.22277777777777777 0.03 0.06111111111111111
1 0.49357142857142855 0.28444444444444444 0.0525 0.12055555555555555
1 0.5639285714285714 0.20444444444444446 0.030357142857142857 0.06111111111111111
0 0.5978571428571429 0.2872222222222222 0.03214285714285714 0.06888888888888889
0 0.6282142857142857 0.16166666666666665 0.027857142857142858 0.05277777777777778
1 0.6564285714285715 0.15388888888888888 0.02214285714285714 0.042777777777777776
1 0.6385714285714286 0.2611111111111111 0.03214285714285714 0.06944444444444445
1 0.6810714285714285 0.2544444444444444 0.029285714285714286 0.06277777777777778
0 0.6664285714285715 0.19944444444444445 0.027857142857142858 0.057777777777777775
0 0.7575 0.2427777777777778 0.033928571428571426 0.05722222222222222
1 0.8017857142857143 0.295 0.029285714285714286 0.07
0 0.7596428571428572 0.30777777777777776 0.0325 0.07388888888888889
1 0.8657142857142858 0.33611111111111114 0.03857142857142857 0.07111111111111111
0 0.39071428571428574 0.3383333333333333 0.03464285714285714 0.09166666666666666
0 0.51 0.17777777777777778 0.024642857142857143 0.03888888888888889
0 0.515 0.21666666666666667 0.023571428571428573 0.04666666666666667