1 0.23357142857142857 0.33444444444444443 0.04267857142857143 0.07111111111111111
1 0.2742857142857143 0.31277777777777777 0.0375 0.06972222222222223
0 0.3382142857142857 0.2827777777777778 0.029107142857142856 0.08555555555555555
0 0.3003571428571429 0.3705555555555556 0.03767857142857143 0.08555555555555555
0 0.4375 0.15888888888888889 0.027142857142857142 0.05555555555555555
3 0.4689285714285714 0.14055555555555554 0.023571428571428573 0.04805555555555555
0 0.48214285714285715 0.18222222222222223 0.025535714285714287 0.049166666666666664
1 0.6071428571428571 0.22277777777777777 0.03 0.06111111111111111
1 0.5639285714285714 0.20444444444444446 0.030535714285714284 0.06166666666666667
0 0.5925 0.28055555555555556 0.03214285714285714 0.06888888888888889
1 0.6282142857142857 0.16166666666666665 0.027857142857142858 0.0525
0 0.6564285714285715 0.15388888888888888 0.021785714285714287 0.043055555555555555
1 0.6289285714285714 0.26055555555555554 0.03214285714285714 0.06972222222222223
0 0.6742857142857143 0.24944444444444444 0.02892857142857143 0.06305555555555556
0 0.6942857142857143 0.19333333333333333 0.028214285714285713 0.057777777777777775
0 0.7575 0.2427777777777778 0.03375 0.05694444444444444
0 0.8232142857142857 0.3277777777777778 0.029285714285714286 0.06944444444444445
1 0.7596428571428572 0.30777777777777776 0.03232142857142857 0.07361111111111111
0 0.8721428571428571 0.3616666666666667 0.03857142857142857 0.07111111111111111
0 0.38571428571428573 0.3333333333333333 0.03446428571428571 0.0913888888888889
0 0.5142857142857142 0.22111111111111112 0.027321428571428573 0.057777777777777775
0 0.6617857142857143 0.20055555555555554 0.025714285714285714 0.04888888888888889