0 0.21214285714285713 0.31222222222222223 0.046785714285714285 0.08166666666666667
0 0.2767857142857143 0.31666666666666665 0.03785714285714286 0.06944444444444445
0 0.3407142857142857 0.2811111111111111 0.033928571428571426 0.08166666666666667
0 0.3067857142857143 0.36444444444444446 0.0375 0.08555555555555555
0 0.43535714285714283 0.15888888888888889 0.027142857142857142 0.05555555555555555
0 0.4732142857142857 0.18222222222222223 0.025357142857142856 0.049444444444444444
0 0.6228571428571429 0.23166666666666666 0.03 0.06111111111111111
3 0.5532142857142858 0.25333333333333335 0.03428571428571429 0.07722222222222222
1 0.5742857142857143 0.19722222222222222 0.03214285714285714 0.06888888888888889
1 0.6282142857142857 0.16166666666666665 0.027857142857142858 0.05277777777777778
0 0.6564285714285715 0.15388888888888888 0.02214285714285714 0.042777777777777776
0 0.6457142857142857 0.2638888888888889 0.03 0.06666666666666667
0 0.6742857142857143 0.24944444444444444 0.029285714285714286 0.06277777777777778
1 0.6985714285714286 0.19444444444444445 0.027857142857142858 0.057777777777777775
1 0.7639285714285714 0.24666666666666667 0.033928571428571426 0.05722222222222222
1 0.7807142857142857 0.31666666666666665 0.0325 0.07388888888888889
0 0.8721428571428571 0.3616666666666667 0.03857142857142857 0.07111111111111111
0 0.38571428571428573 0.3333333333333333 0.03464285714285714 0.09166666666666666
0 0.5121428571428571 0.22166666666666668 0.0275 0.057777777777777775
1 0.735 0.12833333333333333 0.023928571428571428 0.04666666666666667