3 0.22 0.3022222222222222 0.046964285714285715 0.08194444444444444
3 0.3389285714285714 0.26666666666666666 0.03375 0.08194444444444444
0 0.30142857142857143 0.36 0.037321428571428575 0.085
3 0.43464285714285716 0.15166666666666667 0.027142857142857142 0.05555555555555555
1 0.4685714285714286 0.18222222222222223 0.025535714285714287 0.049166666666666664
1 0.6564285714285715 0.2127777777777778 0.03 0.06111111111111111
3 0.5582142857142857 0.19722222222222222 0.029107142857142856 0.06555555555555556
3 0.6282142857142857 0.16166666666666665 0.027857142857142858 0.0525
3 0.6564285714285715 0.15388888888888888 0.021785714285714287 0.043055555555555555
3 0.64 0.2777777777777778 0.03 0.06666666666666667
0 0.6921428571428572 0.2788888888888889 0.029642857142857144 0.0625
3 0.6925 0.1922222222222222 0.027857142857142858 0.057777777777777775
3 0.7639285714285714 0.24666666666666667 0.03375 0.0575
3 0.7807142857142857 0.31666666666666665 0.03267857142857143 0.07361111111111111
0 0.8721428571428571 0.3616666666666667 0.03857142857142857 0.07111111111111111
0 0.3960714285714286 0.34 0.03482142857142857 0.0913888888888889
3 0.5053571428571428 0.21777777777777776 0.027678571428571427 0.057777777777777775
1 0.7439285714285714 0.17944444444444443 0.02375 0.04666666666666667
3 0.47285714285714286 0.1411111111111111 0.02 0.03833333333333333
0 0.5225 0.17722222222222223 0.02375 0.06138888888888889
3 0.5778571428571428 0.1827777777777778 0.017142857142857144 0.0475