3 0.22 0.3022222222222222 0.046785714285714285 0.08166666666666667
3 0.3389285714285714 0.26666666666666666 0.033928571428571426 0.08166666666666667
0 0.30142857142857143 0.36 0.0375 0.08555555555555555
3 0.43464285714285716 0.15166666666666667 0.027142857142857142 0.05555555555555555
1 0.4685714285714286 0.18222222222222223 0.025357142857142856 0.049444444444444444
1 0.6564285714285715 0.2127777777777778 0.03 0.06111111111111111
3 0.5582142857142857 0.19722222222222222 0.02892857142857143 0.06555555555555556
3 0.6282142857142857 0.16166666666666665 0.027857142857142858 0.05277777777777778
3 0.6564285714285715 0.15388888888888888 0.02214285714285714 0.042777777777777776
3 0.64 0.2777777777777778 0.03 0.06666666666666667
0 0.6921428571428572 0.2788888888888889 0.029285714285714286 0.06277777777777778
3 0.6925 0.1922222222222222 0.027857142857142858 0.057777777777777775
3 0.7639285714285714 0.24666666666666667 0.033928571428571426 0.05722222222222222
3 0.7807142857142857 0.31666666666666665 0.0325 0.07388888888888889
0 0.8721428571428571 0.3616666666666667 0.03857142857142857 0.07111111111111111
0 0.3960714285714286 0.34 0.03464285714285714 0.09166666666666666
3 0.5053571428571428 0.21777777777777776 0.0275 0.057777777777777775
1 0.7439285714285714 0.17944444444444443 0.023928571428571428 0.04666666666666667
3 0.47285714285714286 0.1411111111111111 0.02 0.03888888888888889
0 0.5225 0.17722222222222223 0.023928571428571428 0.06166666666666667
3 0.5778571428571428 0.1827777777777778 0.017142857142857144 0.04722222222222222