0 0.20464285714285715 0.3161111111111111 0.046607142857142854 0.08138888888888889
0 0.2714285714285714 0.3161111111111111 0.03410714285714286 0.08138888888888889
0 0.30107142857142855 0.36666666666666664 0.03767857142857143 0.085
0 0.4317857142857143 0.1527777777777778 0.027142857142857142 0.05555555555555555
1 0.4717857142857143 0.18333333333333332 0.029285714285714286 0.051111111111111114
1 0.6607142857142857 0.215 0.03 0.06111111111111111
1 0.5582142857142857 0.19722222222222222 0.029107142857142856 0.06555555555555556
1 0.6282142857142857 0.16166666666666665 0.027857142857142858 0.0525
1 0.6585714285714286 0.15666666666666668 0.027142857142857142 0.04861111111111111
1 0.6360714285714286 0.2722222222222222 0.03 0.06666666666666667
0 0.6921428571428572 0.2788888888888889 0.029642857142857144 0.0625
3 0.6925 0.1922222222222222 0.027857142857142858 0.057777777777777775
3 0.7625 0.24555555555555555 0.03375 0.0575
0 0.8721428571428571 0.3616666666666667 0.03857142857142857 0.07111111111111111
3 0.39464285714285713 0.33444444444444443 0.03482142857142857 0.0913888888888889
1 0.5089285714285714 0.21944444444444444 0.027678571428571427 0.057777777777777775
1 0.7475 0.1938888888888889 0.02375 0.04666666666666667
0 0.48714285714285716 0.16111111111111112 0.016785714285714286 0.042777777777777776
3 0.5225 0.17722222222222223 0.02375 0.06138888888888889
2 0.5260714285714285 0.1238888888888889 0.03767857142857143 0.051111111111111114