0 0.23107142857142857 0.33 0.046607142857142854 0.08194444444444444
0 0.2714285714285714 0.3161111111111111 0.03410714285714286 0.08138888888888889
0 0.3007142857142857 0.36666666666666664 0.037321428571428575 0.085
0 0.4317857142857143 0.1527777777777778 0.027142857142857142 0.05555555555555555
0 0.4717857142857143 0.18333333333333332 0.029285714285714286 0.051111111111111114
3 0.6614285714285715 0.205 0.03 0.06111111111111111
1 0.5753571428571429 0.1811111111111111 0.02214285714285714 0.06666666666666667
0 0.6282142857142857 0.16166666666666665 0.027857142857142858 0.0525
1 0.6585714285714286 0.15666666666666668 0.027142857142857142 0.04861111111111111
0 0.6407142857142857 0.2833333333333333 0.03 0.06666666666666667
0 0.6757142857142857 0.28944444444444445 0.02892857142857143 0.06305555555555556
3 0.6885714285714286 0.2011111111111111 0.028214285714285713 0.057777777777777775
3 0.7592857142857142 0.24666666666666667 0.03410714285714286 0.0575
0 0.8721428571428571 0.3616666666666667 0.03857142857142857 0.07111111111111111
0 0.3914285714285714 0.3338888888888889 0.03446428571428571 0.09194444444444444
0 0.5089285714285714 0.21944444444444444 0.027678571428571427 0.057777777777777775
1 0.7278571428571429 0.185 0.024107142857142858 0.04666666666666667
0 0.48714285714285716 0.16111111111111112 0.016785714285714286 0.042777777777777776
3 0.5189285714285714 0.175 0.022857142857142857 0.043055555555555555
2 0.5257142857142857 0.135 0.03696428571428571 0.043055555555555555
3 0.6175 0.22333333333333333 0.029107142857142856 0.05138888888888889
3 0.7875 0.3277777777777778 0.03142857142857143 0.07333333333333333