3 0.21928571428571428 0.3088888888888889 0.046785714285714285 0.08166666666666667
0 0.2757142857142857 0.31555555555555553 0.028214285714285713 0.07
3 0.3032142857142857 0.36 0.0375 0.08555555555555555
3 0.4317857142857143 0.1527777777777778 0.027142857142857142 0.05555555555555555
0 0.4717857142857143 0.18333333333333332 0.029285714285714286 0.051111111111111114
3 0.6521428571428571 0.20277777777777778 0.03 0.06111111111111111
0 0.5753571428571429 0.1811111111111111 0.02214285714285714 0.06666666666666667
3 0.6282142857142857 0.16166666666666665 0.027857142857142858 0.05277777777777778
3 0.6585714285714286 0.15666666666666668 0.027142857142857142 0.04833333333333333
0 0.6457142857142857 0.2833333333333333 0.03 0.06666666666666667
0 0.6785714285714286 0.27444444444444444 0.029285714285714286 0.06277777777777778
3 0.6885714285714286 0.2011111111111111 0.027857142857142858 0.057777777777777775
3 0.7592857142857142 0.24666666666666667 0.033928571428571426 0.05722222222222222
0 0.8721428571428571 0.3688888888888889 0.03857142857142857 0.07111111111111111
1 0.3842857142857143 0.32722222222222225 0.04107142857142857 0.08944444444444444
3 0.5085714285714286 0.21888888888888888 0.0275 0.057777777777777775
3 0.7446428571428572 0.19111111111111112 0.023928571428571428 0.04666666666666667
0 0.48714285714285716 0.16111111111111112 0.016428571428571428 0.043333333333333335
3 0.555 0.1922222222222222 0.025714285714285714 0.04722222222222222
3 0.5221428571428571 0.1688888888888889 0.025357142857142856 0.028888888888888888
3 0.6221428571428571 0.22555555555555556 0.02892857142857143 0.051666666666666666
0 0.7875 0.3277777777777778 0.03142857142857143 0.07333333333333333
0 0.3375 0.27666666666666667 0.0325 0.06722222222222222