1 0.21928571428571428 0.3322222222222222 0.04267857142857143 0.07111111111111111
0 0.26821428571428574 0.30666666666666664 0.03785714285714286 0.06916666666666667
1 0.3314285714285714 0.265 0.03 0.07472222222222222
1 0.3028571428571429 0.3522222222222222 0.041607142857142856 0.08166666666666667
3 0.3821428571428571 0.33444444444444443 0.036071428571428574 0.07138888888888889
3 0.43392857142857144 0.15444444444444444 0.027142857142857142 0.05555555555555555
0 0.48392857142857143 0.155 0.016428571428571428 0.04666666666666667
3 0.4725 0.18 0.022857142857142857 0.04861111111111111
1 0.5135714285714286 0.18166666666666667 0.023928571428571428 0.042222222222222223
3 0.5182142857142857 0.2311111111111111 0.02625 0.0625
2 0.5335714285714286 0.13833333333333334 0.03857142857142857 0.05444444444444444
3 0.5742857142857143 0.1761111111111111 0.02142857142857143 0.04111111111111111
3 0.5646428571428571 0.21388888888888888 0.026607142857142857 0.06138888888888889
3 0.6278571428571429 0.225 0.023928571428571428 0.04666666666666667
0 0.6328571428571429 0.15833333333333333 0.021607142857142856 0.04555555555555556
3 0.6585714285714286 0.15666666666666668 0.0225 0.0425
3 0.6360714285714286 0.2761111111111111 0.03214285714285714 0.06972222222222223
3 0.65 0.20555555555555555 0.022857142857142857 0.04888888888888889
3 0.6921428571428572 0.20166666666666666 0.023928571428571428 0.05694444444444444
3 0.7435714285714285 0.19555555555555557 0.024107142857142858 0.058333333333333334
3 0.6864285714285714 0.26666666666666666 0.03 0.06916666666666667
3 0.76 0.2538888888888889 0.02982142857142857 0.07
0 0.8246428571428571 0.36 0.03571428571428571 0.08055555555555556
0 0.7857142857142857 0.3322222222222222 0.03571428571428571 0.08694444444444445
0 0.8742857142857143 0.36666666666666664 0.03428571428571429 0.0625