0 0.22785714285714287 0.30666666666666664 0.04267857142857143 0.07111111111111111
0 0.26821428571428574 0.3005555555555556 0.03785714285714286 0.06972222222222223
3 0.3357142857142857 0.265 0.03 0.07472222222222222
3 0.29714285714285715 0.3516666666666667 0.03125 0.08138888888888889
3 0.38321428571428573 0.33944444444444444 0.03857142857142857 0.08138888888888889
3 0.43464285714285716 0.16944444444444445 0.027142857142857142 0.05555555555555555
0 0.48392857142857143 0.15333333333333332 0.016428571428571428 0.04666666666666667
3 0.4675 0.17722222222222223 0.022857142857142857 0.04805555555555555
1 0.5142857142857142 0.17444444444444446 0.025714285714285714 0.050833333333333335
3 0.5057142857142857 0.22111111111111112 0.026964285714285715 0.06194444444444445
3 0.5742857142857143 0.1761111111111111 0.02142857142857143 0.04111111111111111
3 0.5607142857142857 0.21388888888888888 0.026964285714285715 0.06138888888888889
0 0.6103571428571428 0.22611111111111112 0.019107142857142857 0.051111111111111114
3 0.6453571428571429 0.095 0.021964285714285714 0.04555555555555556
1 0.7039285714285715 0.09944444444444445 0.02214285714285714 0.043055555555555555
3 0.6267857142857143 0.26166666666666666 0.027678571428571427 0.04972222222222222
3 0.6510714285714285 0.2011111111111111 0.022857142857142857 0.04888888888888889
3 0.6878571428571428 0.19833333333333333 0.023928571428571428 0.05694444444444444
3 0.7435714285714285 0.19555555555555557 0.024107142857142858 0.058333333333333334
0 0.6882142857142857 0.2677777777777778 0.03 0.06916666666666667
3 0.76 0.2538888888888889 0.02982142857142857 0.07
0 0.8246428571428571 0.36 0.03571428571428571 0.08055555555555556
0 0.7914285714285715 0.3277777777777778 0.03571428571428571 0.08694444444444445
0 0.8742857142857143 0.36666666666666664 0.03428571428571429 0.0625