0 0.22785714285714287 0.30666666666666664 0.0425 0.07111111111111111
0 0.26821428571428574 0.3005555555555556 0.03785714285714286 0.06944444444444445
1 0.3385714285714286 0.26611111111111113 0.03571428571428571 0.07611111111111112
3 0.29714285714285715 0.3516666666666667 0.031071428571428573 0.08166666666666667
2 0.38392857142857145 0.35555555555555557 0.04 0.11388888888888889
3 0.43464285714285716 0.16944444444444445 0.027142857142857142 0.05555555555555555
3 0.47035714285714286 0.18 0.027857142857142858 0.05444444444444444
1 0.5085714285714286 0.1711111111111111 0.025714285714285714 0.050555555555555555
3 0.5275 0.21444444444444444 0.026785714285714284 0.06166666666666667
3 0.5746428571428571 0.17333333333333334 0.022857142857142857 0.03611111111111111
3 0.5678571428571428 0.21388888888888888 0.026785714285714284 0.06166666666666667
3 0.6125 0.22333333333333333 0.022857142857142857 0.04555555555555556
3 0.6453571428571429 0.095 0.021785714285714287 0.04555555555555556
3 0.6975 0.10277777777777777 0.02214285714285714 0.042777777777777776
3 0.6371428571428571 0.26666666666666666 0.0275 0.049444444444444444
3 0.6532142857142857 0.20166666666666666 0.027142857142857142 0.049444444444444444
3 0.6935714285714286 0.19777777777777777 0.02214285714285714 0.058888888888888886
1 0.7435714285714285 0.19555555555555557 0.023928571428571428 0.058888888888888886
1 0.6775 0.235 0.03214285714285714 0.04833333333333333
0 0.7489285714285714 0.26055555555555554 0.029642857142857144 0.07
0 0.8246428571428571 0.36 0.03571428571428571 0.0811111111111111
0 0.7921428571428571 0.32944444444444443 0.03571428571428571 0.08722222222222223
0 0.8742857142857143 0.36666666666666664 0.03428571428571429 0.06277777777777778
2 0.7953571428571429 0.14555555555555555 0.04428571428571428 0.07944444444444444