0 0.21 0.33444444444444443 0.04267857142857143 0.07111111111111111
0 0.2675 0.3005555555555556 0.03785714285714286 0.06972222222222223
3 0.3385714285714286 0.26611111111111113 0.03571428571428571 0.0763888888888889
3 0.29714285714285715 0.3516666666666667 0.03125 0.08138888888888889
2 0.38285714285714284 0.3477777777777778 0.04 0.11361111111111111
3 0.4332142857142857 0.15888888888888889 0.027142857142857142 0.05555555555555555
2 0.4732142857142857 0.20722222222222222 0.03339285714285714 0.08361111111111111
1 0.5060714285714286 0.16666666666666666 0.025714285714285714 0.050833333333333335
3 0.5075 0.22444444444444445 0.03357142857142857 0.06194444444444445
3 0.5746428571428571 0.17333333333333334 0.022857142857142857 0.035833333333333335
3 0.5671428571428572 0.21166666666666667 0.026964285714285715 0.06138888888888889
3 0.6089285714285714 0.22333333333333333 0.022857142857142857 0.04611111111111111
1 0.65 0.10444444444444445 0.02875 0.05138888888888889
3 0.6989285714285715 0.10055555555555555 0.02517857142857143 0.04527777777777778
1 0.6317857142857143 0.27555555555555555 0.027678571428571427 0.049166666666666664
3 0.6532142857142857 0.20166666666666666 0.027142857142857142 0.04972222222222222
3 0.6903571428571429 0.19944444444444445 0.02214285714285714 0.058888888888888886
1 0.7435714285714285 0.19555555555555557 0.024107142857142858 0.058333333333333334
0 0.6835714285714286 0.2738888888888889 0.02982142857142857 0.0636111111111111
3 0.7625 0.2561111111111111 0.029464285714285714 0.07
0 0.8246428571428571 0.36 0.03571428571428571 0.08055555555555556
0 0.7921428571428571 0.32944444444444443 0.03571428571428571 0.0875
0 0.8742857142857143 0.36666666666666664 0.03428571428571429 0.0625
2 0.7978571428571428 0.14555555555555555 0.04428571428571428 0.07972222222222222
0 0.7739285714285714 0.485 0.06 0.1413888888888889