0 0.21 0.33444444444444443 0.0425 0.07111111111111111
0 0.2675 0.3005555555555556 0.03785714285714286 0.06944444444444445
3 0.3385714285714286 0.26611111111111113 0.03571428571428571 0.07611111111111112
3 0.29714285714285715 0.3516666666666667 0.031071428571428573 0.08166666666666667
2 0.38285714285714284 0.3477777777777778 0.04 0.11388888888888889
3 0.4332142857142857 0.15888888888888889 0.027142857142857142 0.05555555555555555
2 0.4732142857142857 0.20722222222222222 0.03321428571428572 0.08388888888888889
1 0.5060714285714286 0.16666666666666666 0.025714285714285714 0.050555555555555555
3 0.5075 0.22444444444444445 0.03357142857142857 0.06166666666666667
3 0.5746428571428571 0.17333333333333334 0.022857142857142857 0.03611111111111111
3 0.5671428571428572 0.21166666666666667 0.026785714285714284 0.06166666666666667
3 0.6089285714285714 0.22333333333333333 0.022857142857142857 0.04555555555555556
1 0.65 0.10444444444444445 0.02892857142857143 0.051666666666666666
3 0.6989285714285715 0.10055555555555555 0.025357142857142856 0.045
1 0.6317857142857143 0.27555555555555555 0.0275 0.049444444444444444
3 0.6532142857142857 0.20166666666666666 0.027142857142857142 0.049444444444444444
3 0.6903571428571429 0.19944444444444445 0.02214285714285714 0.058888888888888886
1 0.7435714285714285 0.19555555555555557 0.023928571428571428 0.058888888888888886
0 0.6835714285714286 0.2738888888888889 0.029642857142857144 0.06388888888888888
3 0.7625 0.2561111111111111 0.029642857142857144 0.07
0 0.8246428571428571 0.36 0.03571428571428571 0.0811111111111111
0 0.7921428571428571 0.32944444444444443 0.03571428571428571 0.08722222222222223
0 0.8742857142857143 0.36666666666666664 0.03428571428571429 0.06277777777777778
2 0.7978571428571428 0.14555555555555555 0.04428571428571428 0.07944444444444444
0 0.7739285714285714 0.485 0.06 0.14166666666666666