0 0.21535714285714286 0.31055555555555553 0.04232142857142857 0.07111111111111111
2 0.26321428571428573 0.3244444444444444 0.03517857142857143 0.11611111111111111
3 0.3382142857142857 0.26611111111111113 0.03571428571428571 0.0763888888888889
3 0.3003571428571429 0.35333333333333333 0.03767857142857143 0.08916666666666667
2 0.38285714285714284 0.3477777777777778 0.04 0.11361111111111111
3 0.4332142857142857 0.15333333333333332 0.027142857142857142 0.05555555555555555
2 0.4710714285714286 0.20722222222222222 0.03339285714285714 0.08361111111111111
3 0.5060714285714286 0.16666666666666666 0.025714285714285714 0.050833333333333335
3 0.5182142857142857 0.225 0.03357142857142857 0.06138888888888889
3 0.5746428571428571 0.17333333333333334 0.022857142857142857 0.035833333333333335
3 0.5635714285714286 0.2127777777777778 0.026964285714285715 0.06138888888888889
3 0.6107142857142858 0.22722222222222221 0.025892857142857145 0.05444444444444444
3 0.7232142857142857 0.09944444444444445 0.029107142857142856 0.051944444444444446
3 0.6914285714285714 0.09444444444444444 0.025535714285714287 0.04472222222222222
3 0.6364285714285715 0.2688888888888889 0.029642857142857144 0.06166666666666667
3 0.6528571428571428 0.20277777777777778 0.025892857142857145 0.06111111111111111
3 0.6860714285714286 0.19722222222222222 0.02214285714285714 0.058888888888888886
1 0.74 0.1922222222222222 0.024107142857142858 0.059444444444444446
0 0.6835714285714286 0.2738888888888889 0.02982142857142857 0.0636111111111111
3 0.7625 0.2561111111111111 0.029464285714285714 0.07
3 0.7921428571428571 0.32944444444444443 0.03571428571428571 0.0875
3 0.7910714285714285 0.12555555555555556 0.03428571428571429 0.06055555555555556