0 0.21535714285714286 0.31055555555555553 0.0425 0.07111111111111111
2 0.26 0.3244444444444444 0.03535714285714286 0.11666666666666667
1 0.3382142857142857 0.26611111111111113 0.03571428571428571 0.07611111111111112
0 0.2985714285714286 0.3516666666666667 0.0375 0.08944444444444444
1 0.3821428571428571 0.33666666666666667 0.03857142857142857 0.09055555555555556
3 0.4332142857142857 0.15333333333333332 0.027142857142857142 0.05555555555555555
2 0.4710714285714286 0.20722222222222222 0.03321428571428572 0.08388888888888889
3 0.5053571428571428 0.16666666666666666 0.025714285714285714 0.050555555555555555
3 0.5182142857142857 0.22944444444444445 0.033928571428571426 0.07
3 0.5746428571428571 0.17333333333333334 0.022857142857142857 0.03611111111111111
3 0.5635714285714286 0.2127777777777778 0.026785714285714284 0.06166666666666667
3 0.7232142857142857 0.09944444444444445 0.02892857142857143 0.051666666666666666
3 0.6821428571428572 0.085 0.025357142857142856 0.045
3 0.6507142857142857 0.1761111111111111 0.031785714285714285 0.07833333333333334
3 0.6875 0.19111111111111112 0.025714285714285714 0.04722222222222222
3 0.7439285714285714 0.19 0.023928571428571428 0.058888888888888886
0 0.6907142857142857 0.25 0.029642857142857144 0.06388888888888888
3 0.7625 0.2561111111111111 0.029642857142857144 0.07
0 0.7921428571428571 0.32944444444444443 0.03571428571428571 0.08722222222222223
2 0.8010714285714285 0.1288888888888889 0.036071428571428574 0.06944444444444445
0 0.8757142857142857 0.3705555555555556 0.040357142857142855 0.07