0 0.21535714285714286 0.31055555555555553 0.04232142857142857 0.07111111111111111
2 0.26 0.3244444444444444 0.03553571428571429 0.11611111111111111
1 0.3382142857142857 0.26611111111111113 0.03571428571428571 0.0763888888888889
0 0.2985714285714286 0.3516666666666667 0.037321428571428575 0.08972222222222222
1 0.3821428571428571 0.33666666666666667 0.03857142857142857 0.09083333333333334
3 0.4332142857142857 0.15333333333333332 0.027142857142857142 0.05555555555555555
2 0.4710714285714286 0.20722222222222222 0.03339285714285714 0.08361111111111111
3 0.5053571428571428 0.16666666666666666 0.025714285714285714 0.050833333333333335
3 0.5182142857142857 0.22944444444444445 0.03375 0.07
3 0.5746428571428571 0.17333333333333334 0.022857142857142857 0.035833333333333335
3 0.5635714285714286 0.2127777777777778 0.026964285714285715 0.06138888888888889
3 0.7232142857142857 0.09944444444444445 0.029107142857142856 0.051944444444444446
3 0.6821428571428572 0.085 0.025535714285714287 0.04527777777777778
3 0.6507142857142857 0.1761111111111111 0.031607142857142854 0.07861111111111112
3 0.6875 0.19111111111111112 0.025714285714285714 0.04694444444444444
3 0.7439285714285714 0.19 0.02375 0.059444444444444446
0 0.6907142857142857 0.25 0.02982142857142857 0.06416666666666666
3 0.7625 0.2561111111111111 0.029464285714285714 0.07
0 0.7921428571428571 0.32944444444444443 0.03571428571428571 0.0875
2 0.8010714285714285 0.1288888888888889 0.03625 0.06916666666666667
0 0.8757142857142857 0.3705555555555556 0.04017857142857143 0.07