0 0.215 0.315 0.0425 0.07111111111111111
2 0.25642857142857145 0.325 0.03535714285714286 0.11666666666666667
3 0.33285714285714285 0.2638888888888889 0.03571428571428571 0.07611111111111112
1 0.36178571428571427 0.3655555555555556 0.03857142857142857 0.09055555555555556
3 0.4332142857142857 0.15333333333333332 0.027142857142857142 0.05555555555555555
2 0.4710714285714286 0.20722222222222222 0.03321428571428572 0.08388888888888889
3 0.5032142857142857 0.17055555555555554 0.025714285714285714 0.050555555555555555
3 0.5135714285714286 0.22611111111111112 0.024642857142857143 0.06388888888888888
3 0.5746428571428571 0.17333333333333334 0.022857142857142857 0.03611111111111111
3 0.565 0.21444444444444444 0.026785714285714284 0.06166666666666667
3 0.7296428571428571 0.10444444444444445 0.02892857142857143 0.051666666666666666
1 0.6892857142857143 0.08555555555555555 0.025357142857142856 0.045
3 0.6121428571428571 0.21833333333333332 0.025714285714285714 0.06055555555555556
3 0.6642857142857143 0.16833333333333333 0.027857142857142858 0.07
3 0.7439285714285714 0.19 0.023928571428571428 0.058888888888888886
0 0.6960714285714286 0.2544444444444444 0.029642857142857144 0.06388888888888888
0 0.7667857142857143 0.2588888888888889 0.029642857142857144 0.07
0 0.7878571428571428 0.3283333333333333 0.03571428571428571 0.08722222222222223
0 0.8285714285714286 0.3655555555555556 0.036071428571428574 0.06944444444444445
0 0.8757142857142857 0.3705555555555556 0.040357142857142855 0.07