0 0.215 0.315 0.0425 0.07111111111111111
2 0.26071428571428573 0.31833333333333336 0.04107142857142857 0.11222222222222222
3 0.33285714285714285 0.2638888888888889 0.03571428571428571 0.07611111111111112
1 0.3557142857142857 0.3655555555555556 0.03857142857142857 0.09055555555555556
3 0.4332142857142857 0.15333333333333332 0.027142857142857142 0.05555555555555555
2 0.4710714285714286 0.20722222222222222 0.03321428571428572 0.08388888888888889
0 0.5021428571428571 0.17 0.025714285714285714 0.050555555555555555
3 0.5153571428571428 0.22277777777777777 0.024642857142857143 0.06388888888888888
3 0.5746428571428571 0.17333333333333334 0.022857142857142857 0.03611111111111111
3 0.55 0.25666666666666665 0.0375 0.08722222222222223
1 0.6721428571428572 0.07722222222222222 0.023928571428571428 0.042222222222222223
3 0.6417857142857143 0.07722222222222222 0.025357142857142856 0.045
3 0.5660714285714286 0.2088888888888889 0.023928571428571428 0.04722222222222222
0 0.6128571428571429 0.2222222222222222 0.028214285714285713 0.06166666666666667
3 0.6875 0.24555555555555555 0.029642857142857144 0.06388888888888888
0 0.7714285714285715 0.2538888888888889 0.026785714285714284 0.04555555555555556
3 0.7639285714285714 0.3111111111111111 0.03571428571428571 0.08722222222222223
0 0.8285714285714286 0.3655555555555556 0.036071428571428574 0.06944444444444445
0 0.8757142857142857 0.3705555555555556 0.040357142857142855 0.07