0 0.21642857142857144 0.3472222222222222 0.04267857142857143 0.07111111111111111
3 0.28285714285714286 0.28944444444444445 0.0375 0.06972222222222223
0 0.34035714285714286 0.29055555555555557 0.03 0.07472222222222222
0 0.31392857142857145 0.3705555555555556 0.04196428571428571 0.0811111111111111
0 0.38607142857142857 0.35555555555555557 0.03642857142857143 0.07138888888888889
0 0.4471428571428571 0.4388888888888889 0.054464285714285715 0.09805555555555556
3 0.4275 0.155 0.027142857142857142 0.05555555555555555
0 0.48428571428571426 0.16666666666666666 0.016785714285714286 0.04666666666666667
3 0.4689285714285714 0.18166666666666667 0.022857142857142857 0.04805555555555555
2 0.5125 0.1738888888888889 0.025714285714285714 0.05694444444444444
0 0.5346428571428572 0.2361111111111111 0.022857142857142857 0.05333333333333334
0 0.5264285714285715 0.15666666666666668 0.017142857142857144 0.044444444444444446
3 0.5742857142857143 0.1761111111111111 0.02142857142857143 0.04111111111111111
1 0.5732142857142857 0.21555555555555556 0.030535714285714284 0.06166666666666667
0 0.6103571428571428 0.23722222222222222 0.029464285714285714 0.056666666666666664
0 0.6385714285714286 0.17444444444444446 0.021607142857142856 0.04611111111111111
3 0.6746428571428571 0.16 0.02214285714285714 0.0425
3 0.6571428571428571 0.28944444444444445 0.031785714285714285 0.06972222222222223
3 0.6685714285714286 0.21555555555555556 0.022857142857142857 0.04888888888888889
0 0.6967857142857142 0.20444444444444446 0.023571428571428573 0.0575
0 0.7503571428571428 0.20666666666666667 0.02375 0.058333333333333334
3 0.6942857142857143 0.27166666666666667 0.03589285714285714 0.07416666666666667
0 0.7442857142857143 0.2733333333333333 0.027142857142857142 0.05555555555555555
0 0.7771428571428571 0.25833333333333336 0.02982142857142857 0.07
0 0.8096428571428571 0.3227777777777778 0.029464285714285714 0.06333333333333334
0 0.78 0.34444444444444444 0.026964285714285715 0.06416666666666666
3 0.8271428571428572 0.28833333333333333 0.02142857142857143 0.05333333333333334