0 0.21642857142857144 0.3472222222222222 0.0425 0.07111111111111111
3 0.28285714285714286 0.28944444444444445 0.03785714285714286 0.06944444444444445
0 0.34035714285714286 0.29055555555555557 0.03 0.075
0 0.31392857142857145 0.3705555555555556 0.04178571428571429 0.0811111111111111
0 0.38607142857142857 0.35555555555555557 0.03642857142857143 0.07166666666666667
0 0.4471428571428571 0.4388888888888889 0.054642857142857146 0.09833333333333333
3 0.4275 0.155 0.027142857142857142 0.05555555555555555
0 0.48428571428571426 0.16666666666666666 0.016428571428571428 0.04666666666666667
3 0.4689285714285714 0.18166666666666667 0.022857142857142857 0.04833333333333333
2 0.5125 0.1738888888888889 0.025714285714285714 0.05722222222222222
0 0.5346428571428572 0.2361111111111111 0.022857142857142857 0.05333333333333334
0 0.5264285714285715 0.15666666666666668 0.017142857142857144 0.044444444444444446
3 0.5742857142857143 0.1761111111111111 0.02142857142857143 0.04111111111111111
1 0.5732142857142857 0.21555555555555556 0.030357142857142857 0.06111111111111111
0 0.6103571428571428 0.23722222222222222 0.029642857142857144 0.056666666666666664
0 0.6385714285714286 0.17444444444444446 0.021785714285714287 0.04555555555555556
3 0.6746428571428571 0.16 0.02214285714285714 0.042777777777777776
3 0.6571428571428571 0.28944444444444445 0.03214285714285714 0.06944444444444445
3 0.6685714285714286 0.21555555555555556 0.022857142857142857 0.04888888888888889
0 0.6967857142857142 0.20444444444444446 0.023571428571428573 0.05722222222222222
0 0.7503571428571428 0.20666666666666667 0.023928571428571428 0.058888888888888886
3 0.6942857142857143 0.27166666666666667 0.036071428571428574 0.07388888888888889
0 0.7442857142857143 0.2733333333333333 0.027142857142857142 0.05555555555555555
0 0.7771428571428571 0.25833333333333336 0.029642857142857144 0.07
0 0.8096428571428571 0.3227777777777778 0.029642857142857144 0.06333333333333334
0 0.78 0.34444444444444444 0.026785714285714284 0.06388888888888888
3 0.8271428571428572 0.28833333333333333 0.02142857142857143 0.05333333333333334