0 0.21642857142857144 0.3472222222222222 0.04267857142857143 0.07111111111111111
3 0.2782142857142857 0.29 0.03785714285714286 0.06916666666666667
0 0.3442857142857143 0.29 0.0375 0.07361111111111111
0 0.31 0.38222222222222224 0.041607142857142856 0.08055555555555556
0 0.37892857142857145 0.3566666666666667 0.03642857142857143 0.07138888888888889
0 0.44392857142857145 0.44166666666666665 0.05482142857142857 0.09861111111111111
3 0.4275 0.155 0.027142857142857142 0.05555555555555555
0 0.48428571428571426 0.15944444444444444 0.016964285714285713 0.0325
3 0.4775 0.1922222222222222 0.022857142857142857 0.04861111111111111
2 0.5125 0.1738888888888889 0.025714285714285714 0.05694444444444444
3 0.515 0.21722222222222223 0.022857142857142857 0.05333333333333334
0 0.5264285714285715 0.15666666666666668 0.017142857142857144 0.044444444444444446
3 0.5742857142857143 0.1761111111111111 0.02142857142857143 0.04111111111111111
1 0.5732142857142857 0.21722222222222223 0.030535714285714284 0.06111111111111111
0 0.6103571428571428 0.23722222222222222 0.029464285714285714 0.056666666666666664
0 0.6332142857142857 0.17055555555555554 0.021964285714285714 0.04555555555555556
3 0.6757142857142857 0.16055555555555556 0.0225 0.043055555555555555
3 0.6492857142857142 0.2811111111111111 0.0325 0.06916666666666667
3 0.6685714285714286 0.21555555555555556 0.022857142857142857 0.04888888888888889
0 0.6967857142857142 0.20444444444444446 0.023571428571428573 0.0575
0 0.7539285714285714 0.2088888888888889 0.018571428571428572 0.05555555555555555
3 0.6932142857142857 0.27 0.02625 0.07277777777777777
0 0.7453571428571428 0.2777777777777778 0.027142857142857142 0.05555555555555555
0 0.7917857142857143 0.27 0.021964285714285714 0.041666666666666664
3 0.8064285714285714 0.31777777777777777 0.022857142857142857 0.05305555555555556
0 0.78 0.35 0.026964285714285715 0.06416666666666666
3 0.8271428571428572 0.28833333333333333 0.02142857142857143 0.05333333333333334