0 0.21714285714285714 0.31277777777777777 0.04267857142857143 0.07111111111111111
2 0.2675 0.3088888888888889 0.03785714285714286 0.10416666666666667
3 0.3339285714285714 0.265 0.03785714285714286 0.07416666666666667
0 0.27071428571428574 0.39 0.03410714285714286 0.07111111111111111
2 0.38535714285714284 0.3672222222222222 0.05357142857142857 0.17194444444444446
3 0.4317857142857143 0.15555555555555556 0.027142857142857142 0.05555555555555555
2 0.4732142857142857 0.20777777777777778 0.03214285714285714 0.08
3 0.6517857142857143 0.07888888888888888 0.025714285714285714 0.0575
3 0.5121428571428571 0.22722222222222221 0.0275 0.05472222222222222
3 0.5742857142857143 0.1761111111111111 0.02142857142857143 0.04111111111111111
1 0.5646428571428571 0.215 0.030535714285714284 0.06111111111111111
1 0.6082142857142857 0.22722222222222221 0.029464285714285714 0.056666666666666664
3 0.6432142857142857 0.21166666666666667 0.027142857142857142 0.05555555555555555
1 0.7457142857142857 0.1988888888888889 0.025357142857142856 0.06694444444444445
0 0.6932142857142857 0.27 0.02625 0.07277777777777777
0 0.7717857142857143 0.26166666666666666 0.025 0.059166666666666666
0 0.8775 0.3705555555555556 0.027142857142857142 0.0636111111111111
3 0.7860714285714285 0.32722222222222225 0.03375 0.07333333333333333