0 0.21714285714285714 0.3194444444444444 0.04285714285714286 0.08361111111111111
2 0.2675 0.3088888888888889 0.03785714285714286 0.10416666666666667
3 0.3392857142857143 0.2772222222222222 0.038214285714285715 0.07416666666666667
3 0.30392857142857144 0.3461111111111111 0.03660714285714286 0.0763888888888889
3 0.3821428571428571 0.34 0.045892857142857145 0.09583333333333334
3 0.4317857142857143 0.15555555555555556 0.027142857142857142 0.05555555555555555
0 0.47 0.18444444444444444 0.03267857142857143 0.059722222222222225
3 0.6517857142857143 0.07888888888888888 0.025714285714285714 0.0575
3 0.5067857142857143 0.22944444444444445 0.027857142857142858 0.05472222222222222
3 0.5682142857142857 0.17277777777777778 0.02142857142857143 0.04111111111111111
3 0.5621428571428572 0.21333333333333335 0.03017857142857143 0.06166666666666667
1 0.6317857142857143 0.215 0.029464285714285714 0.056666666666666664
3 0.6589285714285714 0.20333333333333334 0.031964285714285716 0.065
3 0.7392857142857143 0.1922222222222222 0.024642857142857143 0.06694444444444445
0 0.6882142857142857 0.2738888888888889 0.02625 0.07222222222222222
3 0.7657142857142857 0.24722222222222223 0.025535714285714287 0.04972222222222222
0 0.8775 0.3705555555555556 0.027142857142857142 0.0636111111111111
0 0.7582142857142857 0.3005555555555556 0.03375 0.07333333333333333
3 0.5003571428571428 0.175 0.022857142857142857 0.05555555555555555
3 0.6075 0.2222222222222222 0.02375 0.051111111111111114