0 0.21714285714285714 0.3194444444444444 0.04285714285714286 0.08388888888888889
2 0.2675 0.3088888888888889 0.03785714285714286 0.10388888888888889
1 0.3314285714285714 0.2677777777777778 0.03785714285714286 0.07388888888888889
1 0.30892857142857144 0.385 0.03678571428571428 0.07611111111111112
1 0.37785714285714284 0.3322222222222222 0.0375 0.0811111111111111
2 0.43607142857142855 0.17722222222222223 0.03571428571428571 0.09833333333333333
0 0.47 0.17888888888888888 0.0325 0.059444444444444446
3 0.6517857142857143 0.07888888888888888 0.025714285714285714 0.05722222222222222
3 0.5107142857142857 0.22111111111111112 0.02892857142857143 0.056666666666666664
3 0.5682142857142857 0.17277777777777778 0.02142857142857143 0.04111111111111111
3 0.5614285714285714 0.21388888888888888 0.030357142857142857 0.06111111111111111
3 0.6317857142857143 0.215 0.029642857142857144 0.056666666666666664
3 0.6542857142857142 0.1988888888888889 0.027142857142857142 0.057777777777777775
3 0.7410714285714286 0.19333333333333333 0.025 0.06722222222222222
0 0.6907142857142857 0.28 0.026071428571428572 0.07222222222222222
3 0.7657142857142857 0.24722222222222223 0.025357142857142856 0.049444444444444444
0 0.8775 0.3705555555555556 0.027142857142857142 0.06388888888888888
0 0.7582142857142857 0.3005555555555556 0.033928571428571426 0.07333333333333333
3 0.5003571428571428 0.175 0.022857142857142857 0.05555555555555555