0 0.21714285714285714 0.3194444444444444 0.04285714285714286 0.08388888888888889
2 0.2675 0.3088888888888889 0.03785714285714286 0.10388888888888889
1 0.3314285714285714 0.2677777777777778 0.03785714285714286 0.07388888888888889
1 0.30392857142857144 0.3522222222222222 0.03678571428571428 0.07611111111111112
1 0.3807142857142857 0.3416666666666667 0.0375 0.0811111111111111
2 0.43607142857142855 0.17722222222222223 0.03571428571428571 0.09833333333333333
0 0.47 0.17888888888888888 0.0325 0.059444444444444446
3 0.5078571428571429 0.22944444444444445 0.02892857142857143 0.056666666666666664
3 0.5682142857142857 0.17277777777777778 0.02142857142857143 0.04111111111111111
3 0.5614285714285714 0.21388888888888888 0.030357142857142857 0.06111111111111111
0 0.6385714285714286 0.22 0.027857142857142858 0.06555555555555556
1 0.7410714285714286 0.19333333333333333 0.025 0.06722222222222222
0 0.6907142857142857 0.28 0.026071428571428572 0.07222222222222222
0 0.7692857142857142 0.25555555555555554 0.025357142857142856 0.049444444444444444
0 0.8775 0.3705555555555556 0.027142857142857142 0.06388888888888888
3 0.7742857142857142 0.31 0.033928571428571426 0.07333333333333333
3 0.5003571428571428 0.175 0.022857142857142857 0.05555555555555555
3 0.6921428571428572 0.18944444444444444 0.025 0.057777777777777775