0 0.21714285714285714 0.3194444444444444 0.04285714285714286 0.08361111111111111
2 0.2675 0.3088888888888889 0.03785714285714286 0.10416666666666667
1 0.3314285714285714 0.2677777777777778 0.0375 0.07361111111111111
1 0.30392857142857144 0.3522222222222222 0.03660714285714286 0.07583333333333334
1 0.3807142857142857 0.3416666666666667 0.037321428571428575 0.0811111111111111
2 0.43607142857142855 0.17722222222222223 0.03571428571428571 0.09861111111111111
0 0.47 0.17888888888888888 0.03267857142857143 0.059722222222222225
3 0.5078571428571429 0.22944444444444445 0.02875 0.056666666666666664
3 0.5682142857142857 0.17277777777777778 0.02142857142857143 0.04111111111111111
3 0.5614285714285714 0.21388888888888888 0.03017857142857143 0.06111111111111111
0 0.6385714285714286 0.22 0.028214285714285713 0.0661111111111111
1 0.7410714285714286 0.19333333333333333 0.025 0.06694444444444445
0 0.6907142857142857 0.28 0.025892857142857145 0.07166666666666667
0 0.7692857142857142 0.25555555555555554 0.025535714285714287 0.049166666666666664
0 0.8775 0.3705555555555556 0.027142857142857142 0.0636111111111111
3 0.7742857142857142 0.31 0.03410714285714286 0.07333333333333333
3 0.5003571428571428 0.175 0.022857142857142857 0.05555555555555555
3 0.6921428571428572 0.18944444444444444 0.024642857142857143 0.057777777777777775