0 0.2275 0.3211111111111111 0.04285714285714286 0.08416666666666667
0 0.2617857142857143 0.31444444444444447 0.03357142857142857 0.09555555555555556
0 0.3360714285714286 0.2816666666666667 0.03857142857142857 0.09027777777777778
1 0.3575 0.3411111111111111 0.03375 0.07361111111111111
0 0.43142857142857144 0.1811111111111111 0.03428571428571429 0.07277777777777777
3 0.505 0.2311111111111111 0.02875 0.05722222222222222
3 0.5682142857142857 0.17277777777777778 0.02142857142857143 0.04111111111111111
3 0.5614285714285714 0.21388888888888888 0.03017857142857143 0.06111111111111111
3 0.6292857142857143 0.22 0.03428571428571429 0.07583333333333334
3 0.7417857142857143 0.19555555555555557 0.025 0.06694444444444445
3 0.6571428571428571 0.2594444444444444 0.025892857142857145 0.07222222222222222
0 0.7689285714285714 0.2627777777777778 0.02482142857142857 0.06138888888888889
0 0.8775 0.3705555555555556 0.027142857142857142 0.0636111111111111
3 0.7832142857142858 0.3283333333333333 0.03375 0.07333333333333333
1 0.5003571428571428 0.175 0.022857142857142857 0.05555555555555555
3 0.6892857142857143 0.205 0.024642857142857143 0.057777777777777775
2 0.4667857142857143 0.195 0.03214285714285714 0.10083333333333333
3 0.7342857142857143 0.09166666666666666 0.025892857142857145 0.05694444444444444