0 0.22892857142857143 0.32166666666666666 0.04285714285714286 0.08388888888888889
0 0.2664285714285714 0.3088888888888889 0.03357142857142857 0.09555555555555556
0 0.3360714285714286 0.2816666666666667 0.03857142857142857 0.09055555555555556
3 0.35464285714285715 0.3427777777777778 0.033928571428571426 0.07388888888888889
2 0.4332142857142857 0.18222222222222223 0.03785714285714286 0.075
3 0.5117857142857143 0.22722222222222221 0.02892857142857143 0.056666666666666664
0 0.58 0.18611111111111112 0.018571428571428572 0.03666666666666667
3 0.5614285714285714 0.21388888888888888 0.030357142857142857 0.06111111111111111
3 0.6321428571428571 0.22 0.03428571428571429 0.07611111111111112
3 0.7417857142857143 0.19555555555555557 0.025 0.06722222222222222
3 0.6571428571428571 0.2594444444444444 0.026071428571428572 0.07222222222222222
0 0.7689285714285714 0.2627777777777778 0.024642857142857143 0.06166666666666667
0 0.8775 0.3705555555555556 0.027142857142857142 0.06388888888888888
3 0.7832142857142858 0.3283333333333333 0.033928571428571426 0.07333333333333333
1 0.5003571428571428 0.175 0.022857142857142857 0.05555555555555555
3 0.6892857142857143 0.205 0.025 0.057777777777777775
0 0.4675 0.17833333333333334 0.033928571428571426 0.06722222222222222
2 0.7989285714285714 0.1811111111111111 0.03357142857142857 0.07333333333333333
1 0.8471428571428572 0.17 0.03214285714285714 0.059444444444444446