0 0.21642857142857144 0.3472222222222222 0.0425 0.07111111111111111
3 0.2782142857142857 0.29 0.03785714285714286 0.06944444444444445
0 0.3442857142857143 0.29 0.03785714285714286 0.07388888888888889
0 0.31 0.38222222222222224 0.04178571428571429 0.0811111111111111
0 0.37892857142857145 0.3566666666666667 0.03642857142857143 0.07166666666666667
0 0.44392857142857145 0.44166666666666665 0.054642857142857146 0.09833333333333333
3 0.4275 0.155 0.027142857142857142 0.05555555555555555
0 0.48428571428571426 0.15944444444444444 0.016785714285714286 0.03277777777777778
3 0.4775 0.1922222222222222 0.022857142857142857 0.04833333333333333
2 0.5125 0.1738888888888889 0.025714285714285714 0.05722222222222222
3 0.515 0.21722222222222223 0.022857142857142857 0.05333333333333334
0 0.5264285714285715 0.15666666666666668 0.017142857142857144 0.044444444444444446
3 0.5742857142857143 0.1761111111111111 0.02142857142857143 0.04111111111111111
1 0.5732142857142857 0.21722222222222223 0.030357142857142857 0.06111111111111111
0 0.6103571428571428 0.23722222222222222 0.029642857142857144 0.056666666666666664
0 0.6332142857142857 0.17055555555555554 0.021785714285714287 0.04555555555555556
3 0.6757142857142857 0.16055555555555556 0.02214285714285714 0.042777777777777776
3 0.6492857142857142 0.2811111111111111 0.03214285714285714 0.06944444444444445
3 0.6685714285714286 0.21555555555555556 0.022857142857142857 0.04888888888888889
0 0.6967857142857142 0.20444444444444446 0.023571428571428573 0.05722222222222222
0 0.7539285714285714 0.2088888888888889 0.018571428571428572 0.05555555555555555
3 0.6932142857142857 0.27 0.026071428571428572 0.07222222222222222
0 0.7453571428571428 0.2777777777777778 0.027142857142857142 0.05555555555555555
0 0.7917857142857143 0.27 0.021785714285714287 0.04111111111111111
3 0.8064285714285714 0.31777777777777777 0.022857142857142857 0.05277777777777778
0 0.78 0.35 0.026785714285714284 0.06388888888888888
3 0.8271428571428572 0.28833333333333333 0.02142857142857143 0.05333333333333334