0 0.22642857142857142 0.32 0.04267857142857143 0.07111111111111111
0 0.26321428571428573 0.3055555555555556 0.03785714285714286 0.06916666666666667
0 0.34214285714285714 0.29 0.03267857142857143 0.06194444444444445
1 0.2671428571428571 0.40444444444444444 0.02875 0.06916666666666667
1 0.3578571428571429 0.3566666666666667 0.03017857142857143 0.07555555555555556
2 0.4367857142857143 0.17833333333333334 0.030535714285714284 0.08222222222222222
0 0.4710714285714286 0.17888888888888888 0.02517857142857143 0.05555555555555555
0 0.5025 0.17555555555555555 0.025714285714285714 0.0575
1 0.52 0.235 0.033035714285714286 0.07111111111111111
0 0.5764285714285714 0.18833333333333332 0.015357142857142857 0.043055555555555555
3 0.5614285714285714 0.2088888888888889 0.028214285714285713 0.05722222222222222
1 0.6135714285714285 0.21 0.03 0.06388888888888888
1 0.6785714285714286 0.23722222222222222 0.025714285714285714 0.06138888888888889
1 0.6932142857142857 0.20277777777777778 0.019285714285714285 0.0475
1 0.7339285714285714 0.1938888888888889 0.018571428571428572 0.05555555555555555
0 0.7585714285714286 0.24555555555555555 0.027142857142857142 0.05555555555555555
3 0.6392857142857142 0.07333333333333333 0.025714285714285714 0.05555555555555555
0 0.8775 0.36777777777777776 0.022857142857142857 0.05305555555555556
0 0.7628571428571429 0.31166666666666665 0.026964285714285715 0.0636111111111111
1 0.7471428571428571 0.10333333333333333 0.025535714285714287 0.06055555555555556