0 0.22714285714285715 0.30944444444444447 0.03642857142857143 0.07777777777777778
0 0.26321428571428573 0.3055555555555556 0.03785714285714286 0.06944444444444445
0 0.34214285714285714 0.29 0.0325 0.06166666666666667
1 0.3578571428571429 0.3566666666666667 0.030357142857142857 0.07555555555555556
0 0.4342857142857143 0.16833333333333333 0.025357142857142856 0.06277777777777778
3 0.4610714285714286 0.20166666666666666 0.031071428571428573 0.06944444444444445
3 0.5025 0.17555555555555555 0.025714285714285714 0.05722222222222222
0 0.5764285714285714 0.18833333333333332 0.015 0.042777777777777776
3 0.5614285714285714 0.2088888888888889 0.027857142857142858 0.056666666666666664
1 0.6092857142857143 0.2288888888888889 0.03 0.06333333333333334
1 0.6978571428571428 0.29944444444444446 0.025714285714285714 0.06166666666666667
3 0.69 0.20277777777777778 0.019285714285714285 0.04722222222222222
1 0.7371428571428571 0.19555555555555557 0.018571428571428572 0.05555555555555555
0 0.7585714285714286 0.24555555555555555 0.027142857142857142 0.05555555555555555
2 0.6385714285714286 0.07944444444444444 0.03785714285714286 0.065
0 0.8775 0.36777777777777776 0.022857142857142857 0.05277777777777778
0 0.7628571428571429 0.31166666666666665 0.026785714285714284 0.06388888888888888
3 0.6428571428571429 0.23 0.025357142857142856 0.06111111111111111