0 0.22857142857142856 0.315 0.03678571428571428 0.07777777777777778
0 0.26321428571428573 0.3055555555555556 0.03785714285714286 0.06916666666666667
0 0.3407142857142857 0.2783333333333333 0.03267857142857143 0.06138888888888889
0 0.35214285714285715 0.35888888888888887 0.03017857142857143 0.07555555555555556
3 0.4342857142857143 0.16833333333333333 0.025535714285714287 0.06305555555555556
3 0.47214285714285714 0.19111111111111112 0.03125 0.06916666666666667
3 0.5075 0.17722222222222223 0.025714285714285714 0.05694444444444444
3 0.5728571428571428 0.18055555555555555 0.014642857142857143 0.043055555555555555
1 0.5621428571428572 0.2088888888888889 0.0275 0.05722222222222222
1 0.6092857142857143 0.2288888888888889 0.03 0.06277777777777778
1 0.6757142857142857 0.24666666666666667 0.025714285714285714 0.06194444444444445
1 0.69 0.20277777777777778 0.019642857142857142 0.0475
1 0.7371428571428571 0.19555555555555557 0.018571428571428572 0.05555555555555555
0 0.7585714285714286 0.24555555555555555 0.027142857142857142 0.05555555555555555
1 0.6335714285714286 0.07444444444444444 0.03428571428571429 0.05611111111111111
0 0.8775 0.36777777777777776 0.022857142857142857 0.05305555555555556
3 0.755 0.30666666666666664 0.026964285714285715 0.06416666666666666
3 0.7032142857142857 0.09444444444444444 0.02517857142857143 0.06055555555555556