0 0.22857142857142856 0.315 0.03678571428571428 0.07777777777777778
0 0.26321428571428573 0.3055555555555556 0.03785714285714286 0.06916666666666667
0 0.3407142857142857 0.2783333333333333 0.03267857142857143 0.06138888888888889
0 0.35214285714285715 0.35888888888888887 0.03017857142857143 0.07555555555555556
3 0.46964285714285714 0.17777777777777778 0.030892857142857142 0.06916666666666667
3 0.5075 0.17722222222222223 0.025714285714285714 0.05694444444444444
3 0.5721428571428572 0.16944444444444445 0.023928571428571428 0.05444444444444444
0 0.5585714285714286 0.22111111111111112 0.028214285714285713 0.05611111111111111
1 0.6092857142857143 0.2288888888888889 0.03 0.06277777777777778
3 0.6628571428571428 0.2761111111111111 0.02875 0.06555555555555556
3 0.6896428571428571 0.20166666666666666 0.019285714285714285 0.0475
3 0.7039285714285715 0.24666666666666667 0.02482142857142857 0.059722222222222225
0 0.8775 0.36777777777777776 0.022857142857142857 0.05305555555555556