0 0.21642857142857144 0.3472222222222222 0.04267857142857143 0.07111111111111111
3 0.2782142857142857 0.29 0.03785714285714286 0.06916666666666667
0 0.3417857142857143 0.3061111111111111 0.03785714285714286 0.07416666666666667
3 0.3067857142857143 0.3661111111111111 0.03517857142857143 0.07222222222222222
0 0.3757142857142857 0.35888888888888887 0.03017857142857143 0.07555555555555556
0 0.4575 0.43222222222222223 0.04642857142857143 0.09361111111111112
3 0.4275 0.155 0.027142857142857142 0.05555555555555555
0 0.48428571428571426 0.15944444444444444 0.016964285714285713 0.0325
3 0.4775 0.1922222222222222 0.022857142857142857 0.04861111111111111
2 0.5125 0.1738888888888889 0.025714285714285714 0.05694444444444444
3 0.5253571428571429 0.23944444444444443 0.022857142857142857 0.05333333333333334
1 0.5246428571428572 0.15166666666666667 0.018571428571428572 0.03888888888888889
3 0.5742857142857143 0.1761111111111111 0.02142857142857143 0.04111111111111111
1 0.5732142857142857 0.21722222222222223 0.030535714285714284 0.06111111111111111
0 0.6103571428571428 0.23722222222222222 0.029464285714285714 0.056666666666666664
0 0.6342857142857142 0.1738888888888889 0.021607142857142856 0.04555555555555556
3 0.6757142857142857 0.16055555555555556 0.0225 0.043055555555555555
3 0.6464285714285715 0.2772222222222222 0.026964285714285715 0.06138888888888889
3 0.6685714285714286 0.21555555555555556 0.022857142857142857 0.04888888888888889
0 0.6967857142857142 0.20444444444444446 0.023571428571428573 0.0575
0 0.7467857142857143 0.20055555555555554 0.018571428571428572 0.05555555555555555
3 0.6942857142857143 0.2777777777777778 0.025892857142857145 0.07166666666666667
0 0.7453571428571428 0.2777777777777778 0.027142857142857142 0.05555555555555555
0 0.7917857142857143 0.27 0.021964285714285714 0.041666666666666664
3 0.8064285714285714 0.31777777777777777 0.022857142857142857 0.05305555555555556
0 0.7928571428571428 0.35 0.026964285714285715 0.06416666666666666
3 0.8271428571428572 0.28833333333333333 0.02142857142857143 0.05333333333333334