3 0.21107142857142858 0.335 0.031785714285714285 0.06944444444444445
3 0.2857142857142857 0.2872222222222222 0.028214285714285713 0.058888888888888886
0 0.3385714285714286 0.29888888888888887 0.03214285714285714 0.06555555555555556
3 0.3067857142857143 0.3661111111111111 0.03535714285714286 0.07222222222222222
0 0.3757142857142857 0.35888888888888887 0.030357142857142857 0.07555555555555556
0 0.45285714285714285 0.44333333333333336 0.04642857142857143 0.09388888888888888
3 0.42928571428571427 0.15722222222222224 0.02142857142857143 0.05277777777777778
1 0.47214285714285714 0.14666666666666667 0.016785714285714286 0.03277777777777778
0 0.4664285714285714 0.18333333333333332 0.022857142857142857 0.04833333333333333
2 0.5125 0.1738888888888889 0.025714285714285714 0.05722222222222222
0 0.5253571428571429 0.24166666666666667 0.022857142857142857 0.05333333333333334
1 0.5246428571428572 0.15166666666666667 0.018571428571428572 0.03888888888888889
3 0.5742857142857143 0.1761111111111111 0.02142857142857143 0.04111111111111111
3 0.5721428571428572 0.21388888888888888 0.02892857142857143 0.05444444444444444
0 0.6103571428571428 0.23722222222222222 0.029642857142857144 0.056666666666666664
0 0.6342857142857142 0.1738888888888889 0.021785714285714287 0.04555555555555556
3 0.6757142857142857 0.16055555555555556 0.02214285714285714 0.042777777777777776
3 0.6428571428571429 0.2772222222222222 0.026785714285714284 0.06166666666666667
3 0.6685714285714286 0.21555555555555556 0.022857142857142857 0.04888888888888889
0 0.7007142857142857 0.21055555555555555 0.023571428571428573 0.05722222222222222
0 0.7485714285714286 0.21055555555555555 0.018571428571428572 0.05555555555555555
3 0.6942857142857143 0.2777777777777778 0.026071428571428572 0.07222222222222222
0 0.7453571428571428 0.2777777777777778 0.027142857142857142 0.05555555555555555
0 0.8007142857142857 0.2688888888888889 0.021785714285714287 0.04111111111111111
3 0.8064285714285714 0.31777777777777777 0.022857142857142857 0.05277777777777778
0 0.7860714285714285 0.3516666666666667 0.020714285714285713 0.06777777777777778
3 0.8285714285714286 0.2922222222222222 0.024642857142857143 0.06166666666666667