3 0.21107142857142858 0.335 0.031785714285714285 0.06944444444444445
3 0.2857142857142857 0.2872222222222222 0.028214285714285713 0.058888888888888886
0 0.33964285714285714 0.2827777777777778 0.03214285714285714 0.06555555555555556
3 0.3067857142857143 0.3661111111111111 0.03535714285714286 0.07222222222222222
3 0.385 0.34944444444444445 0.030357142857142857 0.07555555555555556
0 0.45285714285714285 0.44333333333333336 0.04642857142857143 0.09388888888888888
3 0.42928571428571427 0.15722222222222224 0.02142857142857143 0.05277777777777778
3 0.47535714285714287 0.15666666666666668 0.023571428571428573 0.05333333333333334
0 0.4857142857142857 0.21166666666666667 0.022857142857142857 0.04833333333333333
0 0.5153571428571428 0.18333333333333332 0.024642857142857143 0.05444444444444444
0 0.5482142857142858 0.25555555555555554 0.022857142857142857 0.05333333333333334
1 0.5317857142857143 0.15333333333333332 0.018571428571428572 0.03888888888888889
3 0.5742857142857143 0.1761111111111111 0.02142857142857143 0.04111111111111111
0 0.5721428571428572 0.21611111111111111 0.02892857142857143 0.05444444444444444
3 0.6046428571428571 0.22944444444444445 0.029642857142857144 0.056666666666666664
0 0.6342857142857142 0.1738888888888889 0.021785714285714287 0.04555555555555556
3 0.6757142857142857 0.16055555555555556 0.02214285714285714 0.042777777777777776
3 0.6496428571428572 0.2816666666666667 0.026785714285714284 0.06166666666666667
3 0.6685714285714286 0.21555555555555556 0.022857142857142857 0.04888888888888889
0 0.7007142857142857 0.21055555555555555 0.023571428571428573 0.05722222222222222
0 0.7510714285714286 0.20833333333333334 0.023928571428571428 0.051111111111111114
3 0.6942857142857143 0.2777777777777778 0.026071428571428572 0.07222222222222222
0 0.7425 0.2722222222222222 0.027142857142857142 0.05555555555555555
3 0.7946428571428571 0.26055555555555554 0.023214285714285715 0.049444444444444444
3 0.8064285714285714 0.31777777777777777 0.022857142857142857 0.05277777777777778
0 0.7875 0.37277777777777776 0.021785714285714287 0.04722222222222222
3 0.8271428571428572 0.29 0.02142857142857143 0.05722222222222222