3 0.21464285714285714 0.3288888888888889 0.031964285714285716 0.06916666666666667
0 0.2857142857142857 0.2872222222222222 0.028392857142857143 0.058888888888888886
3 0.34285714285714286 0.285 0.031785714285714285 0.06555555555555556
3 0.3067857142857143 0.3661111111111111 0.03517857142857143 0.07222222222222222
0 0.38142857142857145 0.36333333333333334 0.03017857142857143 0.07555555555555556
0 0.44892857142857145 0.4411111111111111 0.04642857142857143 0.09361111111111112
3 0.42928571428571427 0.15722222222222224 0.02142857142857143 0.0525
3 0.4664285714285714 0.14722222222222223 0.023928571428571428 0.05333333333333334
0 0.4860714285714286 0.21888888888888888 0.02625 0.05527777777777778
0 0.5214285714285715 0.18944444444444444 0.024464285714285713 0.05444444444444444
0 0.5482142857142858 0.25555555555555554 0.022857142857142857 0.05333333333333334
1 0.5317857142857143 0.15333333333333332 0.018571428571428572 0.03944444444444444
3 0.5703571428571429 0.1761111111111111 0.02142857142857143 0.04111111111111111
3 0.575 0.21611111111111111 0.02875 0.05444444444444444
0 0.6146428571428572 0.23722222222222222 0.023392857142857142 0.05333333333333334
0 0.6342857142857142 0.1738888888888889 0.021607142857142856 0.04555555555555556
3 0.6757142857142857 0.16055555555555556 0.0225 0.043055555555555555
0 0.655 0.28833333333333333 0.026964285714285715 0.06138888888888889
3 0.6685714285714286 0.21555555555555556 0.022857142857142857 0.04888888888888889
0 0.7007142857142857 0.21055555555555555 0.023928571428571428 0.05694444444444444
0 0.75 0.20777777777777778 0.021607142857142856 0.050833333333333335
0 0.7007142857142857 0.2761111111111111 0.025892857142857145 0.059166666666666666
0 0.7425 0.2722222222222222 0.027142857142857142 0.05555555555555555
0 0.8007142857142857 0.2627777777777778 0.023035714285714284 0.04972222222222222
3 0.8064285714285714 0.31777777777777777 0.022857142857142857 0.05305555555555556
3 0.7714285714285715 0.3277777777777778 0.031607142857142854 0.06055555555555556
3 0.8296428571428571 0.2922222222222222 0.026607142857142857 0.06194444444444445