3 0.21428571428571427 0.33 0.031607142857142854 0.06916666666666667
3 0.2864285714285714 0.2861111111111111 0.0325 0.06138888888888889
3 0.3432142857142857 0.285 0.03214285714285714 0.06555555555555556
0 0.315 0.3877777777777778 0.03553571428571429 0.07277777777777777
0 0.38142857142857145 0.36333333333333334 0.03017857142857143 0.07555555555555556
0 0.4492857142857143 0.44277777777777777 0.046785714285714285 0.09416666666666666
3 0.42892857142857144 0.15444444444444444 0.029107142857142856 0.05555555555555555
3 0.4664285714285714 0.14722222222222223 0.023928571428571428 0.05333333333333334
0 0.4860714285714286 0.21888888888888888 0.02625 0.05527777777777778
0 0.5185714285714286 0.23 0.02892857142857143 0.06055555555555556
0 0.5228571428571429 0.18388888888888888 0.02142857142857143 0.04083333333333333
1 0.5317857142857143 0.15333333333333332 0.018571428571428572 0.03944444444444444
3 0.5614285714285714 0.17333333333333334 0.02125 0.058333333333333334
1 0.5796428571428571 0.22611111111111112 0.03214285714285714 0.056666666666666664
0 0.6160714285714286 0.23333333333333334 0.02517857142857143 0.06416666666666666
0 0.6342857142857142 0.17277777777777778 0.021607142857142856 0.04555555555555556
3 0.6757142857142857 0.16055555555555556 0.0225 0.043055555555555555
3 0.6357142857142857 0.28 0.026964285714285715 0.06194444444444445
3 0.6685714285714286 0.21555555555555556 0.022857142857142857 0.04888888888888889
0 0.7007142857142857 0.21055555555555555 0.023928571428571428 0.05694444444444444
0 0.7517857142857143 0.2011111111111111 0.023571428571428573 0.057777777777777775
3 0.6839285714285714 0.255 0.02517857142857143 0.06138888888888889
3 0.7303571428571428 0.24666666666666667 0.027142857142857142 0.05555555555555555
0 0.7753571428571429 0.2544444444444444 0.025714285714285714 0.05527777777777778
3 0.7967857142857143 0.3022222222222222 0.022857142857142857 0.05305555555555556
0 0.7714285714285715 0.3277777777777778 0.031607142857142854 0.06055555555555556
3 0.8296428571428571 0.2922222222222222 0.026607142857142857 0.06194444444444445