3 0.215 0.335 0.0425 0.07111111111111111
1 0.29392857142857143 0.29555555555555557 0.03785714285714286 0.06944444444444445
3 0.35 0.28 0.0275 0.06555555555555556
0 0.31607142857142856 0.3988888888888889 0.04178571428571429 0.0811111111111111
0 0.37892857142857145 0.36 0.029642857142857144 0.06555555555555556
0 0.46964285714285714 0.45555555555555555 0.04285714285714286 0.10611111111111111
3 0.4275 0.15666666666666668 0.027142857142857142 0.05555555555555555
3 0.48178571428571426 0.15 0.017857142857142856 0.04555555555555556
3 0.5228571428571429 0.25166666666666665 0.026785714285714284 0.06666666666666667
1 0.5353571428571429 0.15833333333333333 0.025357142857142856 0.06722222222222222
3 0.5710714285714286 0.1761111111111111 0.02142857142857143 0.04111111111111111
0 0.6092857142857143 0.23055555555555557 0.02107142857142857 0.04666666666666667
0 0.6389285714285714 0.17444444444444446 0.021785714285714287 0.04555555555555556
3 0.6692857142857143 0.16055555555555556 0.017857142857142856 0.034444444444444444
3 0.6535714285714286 0.2827777777777778 0.025357142857142856 0.055
3 0.6685714285714286 0.21555555555555556 0.022857142857142857 0.04888888888888889
0 0.7396428571428572 0.19444444444444445 0.0275 0.06055555555555556
0 0.6892857142857143 0.2677777777777778 0.026071428571428572 0.06666666666666667
0 0.7582142857142857 0.2833333333333333 0.027142857142857142 0.05555555555555555
0 0.8017857142857143 0.27 0.027142857142857142 0.06111111111111111
3 0.4810714285714286 0.19166666666666668 0.02892857142857143 0.05277777777777778
3 0.5192857142857142 0.18611111111111112 0.025 0.05722222222222222
1 0.5703571428571429 0.2088888888888889 0.025 0.055
0 0.7017857142857142 0.21666666666666667 0.025357142857142856 0.05277777777777778
0 0.7810714285714285 0.34444444444444444 0.026071428571428572 0.06944444444444445
0 0.8342857142857143 0.28833333333333333 0.026071428571428572 0.05444444444444444
0 0.8342857142857143 0.34555555555555556 0.03214285714285714 0.07111111111111111