0 0.21571428571428572 0.33611111111111114 0.03464285714285714 0.06166666666666667
1 0.2864285714285714 0.28944444444444445 0.03785714285714286 0.06944444444444445
3 0.3425 0.2866666666666667 0.029642857142857144 0.07166666666666667
0 0.3142857142857143 0.3844444444444444 0.04178571428571429 0.0811111111111111
0 0.3875 0.35388888888888886 0.03571428571428571 0.08222222222222222
0 0.44857142857142857 0.44722222222222224 0.04285714285714286 0.10611111111111111
3 0.4275 0.15666666666666668 0.027142857142857142 0.05555555555555555
3 0.4725 0.15166666666666667 0.026071428571428572 0.06388888888888888
0 0.5296428571428572 0.23555555555555555 0.0275 0.06111111111111111
0 0.5296428571428572 0.14888888888888888 0.021785714285714287 0.04666666666666667
0 0.5610714285714286 0.175 0.023214285714285715 0.058888888888888886
0 0.615 0.23722222222222222 0.025714285714285714 0.056666666666666664
0 0.6360714285714286 0.1761111111111111 0.024642857142857143 0.050555555555555555
3 0.6732142857142858 0.16 0.025714285714285714 0.04555555555555556
0 0.6592857142857143 0.295 0.030357142857142857 0.06555555555555556
3 0.6685714285714286 0.21555555555555556 0.022857142857142857 0.04888888888888889
0 0.7485714285714286 0.19777777777777777 0.0275 0.06055555555555556
0 0.6864285714285714 0.2638888888888889 0.026071428571428572 0.06666666666666667
0 0.7289285714285715 0.2633333333333333 0.027142857142857142 0.05555555555555555
0 0.7678571428571429 0.2538888888888889 0.027142857142857142 0.06111111111111111
0 0.485 0.225 0.02892857142857143 0.05277777777777778
3 0.5192857142857142 0.18611111111111112 0.025 0.05722222222222222
1 0.5785714285714286 0.2238888888888889 0.0325 0.06166666666666667
3 0.6942857142857143 0.20444444444444446 0.025357142857142856 0.05277777777777778
0 0.7714285714285715 0.3322222222222222 0.026071428571428572 0.06944444444444445
0 0.83 0.2922222222222222 0.024642857142857143 0.06111111111111111
3 0.7996428571428571 0.31277777777777777 0.03214285714285714 0.07111111111111111