0 0.2175 0.34055555555555556 0.03339285714285714 0.06666666666666667
1 0.2832142857142857 0.2877777777777778 0.03785714285714286 0.06916666666666667
0 0.3510714285714286 0.275 0.029464285714285714 0.07194444444444445
3 0.3075 0.37666666666666665 0.04196428571428571 0.08166666666666667
0 0.3875 0.35388888888888886 0.03571428571428571 0.08222222222222222
0 0.4614285714285714 0.42277777777777775 0.04285714285714286 0.10583333333333333
3 0.42964285714285716 0.15666666666666668 0.027142857142857142 0.05555555555555555
3 0.4742857142857143 0.15388888888888888 0.025892857142857145 0.0636111111111111
3 0.5164285714285715 0.22111111111111112 0.027321428571428573 0.06055555555555556
0 0.5296428571428572 0.14888888888888888 0.021964285714285714 0.04666666666666667
0 0.5610714285714286 0.175 0.023392857142857142 0.058888888888888886
0 0.615 0.23722222222222222 0.025714285714285714 0.056666666666666664
0 0.6360714285714286 0.1761111111111111 0.02482142857142857 0.050277777777777775
3 0.6732142857142858 0.16 0.025714285714285714 0.045
3 0.6492857142857142 0.2922222222222222 0.03017857142857143 0.065
3 0.6685714285714286 0.21555555555555556 0.022857142857142857 0.04888888888888889
0 0.7485714285714286 0.19777777777777777 0.027321428571428573 0.06027777777777778
3 0.6817857142857143 0.2588888888888889 0.02625 0.06666666666666667
1 0.7342857142857143 0.2588888888888889 0.03428571428571429 0.06472222222222222
0 0.7735714285714286 0.26166666666666666 0.027142857142857142 0.06111111111111111
0 0.485 0.225 0.02875 0.0525
0 0.5207142857142857 0.18 0.024107142857142858 0.03972222222222222
3 0.5757142857142857 0.21833333333333332 0.03 0.051111111111111114
0 0.6975 0.2061111111111111 0.031964285714285716 0.05555555555555555
0 0.7878571428571428 0.3655555555555556 0.025892857142857145 0.06916666666666667
3 0.8271428571428572 0.2922222222222222 0.024464285714285713 0.06055555555555556
3 0.7996428571428571 0.31277777777777777 0.03214285714285714 0.07111111111111111