0 0.21535714285714286 0.3338888888888889 0.03625 0.07916666666666666
1 0.2832142857142857 0.2877777777777778 0.03785714285714286 0.06916666666666667
0 0.34535714285714286 0.275 0.03767857142857143 0.07694444444444444
3 0.31 0.37222222222222223 0.03410714285714286 0.07805555555555556
0 0.3875 0.35388888888888886 0.03571428571428571 0.08222222222222222
0 0.4471428571428571 0.44166666666666665 0.04875 0.11666666666666667
3 0.42964285714285716 0.15666666666666668 0.027142857142857142 0.05555555555555555
1 0.48142857142857143 0.15611111111111112 0.02125 0.04888888888888889
0 0.5146428571428572 0.24222222222222223 0.027678571428571427 0.06166666666666667
0 0.5296428571428572 0.15444444444444444 0.019285714285714285 0.035833333333333335
0 0.5614285714285714 0.17 0.023214285714285715 0.049166666666666664
0 0.6164285714285714 0.23722222222222222 0.025714285714285714 0.056666666666666664
0 0.6360714285714286 0.1761111111111111 0.02482142857142857 0.050277777777777775
3 0.6732142857142858 0.16 0.025714285714285714 0.045
3 0.6557142857142857 0.285 0.03017857142857143 0.06555555555555556
3 0.6557142857142857 0.20444444444444446 0.025535714285714287 0.057777777777777775
0 0.7521428571428571 0.20444444444444446 0.027321428571428573 0.06027777777777778
3 0.6817857142857143 0.2588888888888889 0.02625 0.06666666666666667
3 0.7328571428571429 0.24888888888888888 0.03267857142857143 0.06666666666666667
0 0.8085714285714286 0.25833333333333336 0.025714285714285714 0.03861111111111111
3 0.47464285714285714 0.20055555555555554 0.029107142857142856 0.0525
3 0.52 0.18833333333333332 0.025535714285714287 0.056666666666666664
3 0.5721428571428572 0.21166666666666667 0.03 0.051111111111111114
0 0.6975 0.2061111111111111 0.031964285714285716 0.05555555555555555
0 0.7764285714285715 0.3488888888888889 0.025892857142857145 0.06916666666666667
0 0.83 0.3016666666666667 0.024464285714285713 0.06111111111111111
0 0.8057142857142857 0.31166666666666665 0.026964285714285715 0.07111111111111111