0 0.21535714285714286 0.3338888888888889 0.036071428571428574 0.07944444444444444
1 0.2832142857142857 0.2877777777777778 0.03785714285714286 0.06944444444444445
0 0.34535714285714286 0.275 0.0375 0.07722222222222222
3 0.31 0.37222222222222223 0.033928571428571426 0.07833333333333334
0 0.3875 0.35388888888888886 0.03571428571428571 0.08222222222222222
0 0.4471428571428571 0.44166666666666665 0.048928571428571425 0.11666666666666667
3 0.42964285714285716 0.15666666666666668 0.027142857142857142 0.05555555555555555
1 0.48142857142857143 0.15611111111111112 0.02107142857142857 0.04888888888888889
0 0.5146428571428572 0.24222222222222223 0.0275 0.06111111111111111
0 0.5296428571428572 0.15444444444444444 0.019285714285714285 0.03611111111111111
0 0.5614285714285714 0.17 0.023571428571428573 0.049444444444444444
0 0.6164285714285714 0.23722222222222222 0.025714285714285714 0.056666666666666664
0 0.6360714285714286 0.1761111111111111 0.024642857142857143 0.050555555555555555
3 0.6732142857142858 0.16 0.025714285714285714 0.04555555555555556
3 0.6557142857142857 0.285 0.030357142857142857 0.06555555555555556
3 0.6557142857142857 0.20444444444444446 0.025357142857142856 0.057777777777777775
0 0.7521428571428571 0.20444444444444446 0.0275 0.06055555555555556
3 0.6817857142857143 0.2588888888888889 0.026071428571428572 0.06666666666666667
3 0.7328571428571429 0.24888888888888888 0.0325 0.06666666666666667
0 0.8085714285714286 0.25833333333333336 0.025714285714285714 0.03833333333333333
3 0.47464285714285714 0.20055555555555554 0.02892857142857143 0.05277777777777778
3 0.52 0.18833333333333332 0.025357142857142856 0.056666666666666664
3 0.5721428571428572 0.21166666666666667 0.03 0.051111111111111114
0 0.6975 0.2061111111111111 0.031785714285714285 0.05555555555555555
0 0.7764285714285715 0.3488888888888889 0.026071428571428572 0.06944444444444445
0 0.83 0.3016666666666667 0.024642857142857143 0.06111111111111111
0 0.8057142857142857 0.31166666666666665 0.026785714285714284 0.07111111111111111