0 0.2125 0.3433333333333333 0.03625 0.07972222222222222
0 0.2864285714285714 0.29333333333333333 0.038214285714285715 0.06916666666666667
0 0.34964285714285714 0.275 0.03767857142857143 0.07694444444444444
0 0.31892857142857145 0.3894444444444444 0.04375 0.08972222222222222
0 0.3875 0.35388888888888886 0.03571428571428571 0.08222222222222222
0 0.4514285714285714 0.44277777777777777 0.04875 0.11666666666666667
3 0.42964285714285716 0.15666666666666668 0.027142857142857142 0.05555555555555555
1 0.4928571428571429 0.16166666666666665 0.02125 0.04888888888888889
0 0.5082142857142857 0.24222222222222223 0.027678571428571427 0.06166666666666667
1 0.5296428571428572 0.15444444444444444 0.019285714285714285 0.035833333333333335
0 0.5603571428571429 0.1711111111111111 0.025714285714285714 0.04694444444444444
0 0.6164285714285714 0.23722222222222222 0.025714285714285714 0.056666666666666664
0 0.6360714285714286 0.1761111111111111 0.02482142857142857 0.050277777777777775
3 0.6764285714285714 0.16 0.025714285714285714 0.045
0 0.6557142857142857 0.285 0.03017857142857143 0.06555555555555556
3 0.6639285714285714 0.20722222222222222 0.02517857142857143 0.057777777777777775
0 0.7521428571428571 0.20444444444444446 0.027321428571428573 0.06027777777777778
3 0.6817857142857143 0.2588888888888889 0.02625 0.06666666666666667
3 0.7328571428571429 0.24888888888888888 0.03267857142857143 0.06666666666666667
0 0.8085714285714286 0.25833333333333336 0.025714285714285714 0.03861111111111111
0 0.4757142857142857 0.2061111111111111 0.02875 0.0525
2 0.5157142857142857 0.18222222222222223 0.02982142857142857 0.06916666666666667
3 0.5717857142857142 0.21166666666666667 0.03 0.051111111111111114
3 0.6964285714285714 0.2061111111111111 0.031607142857142854 0.05555555555555555
3 0.7764285714285715 0.3411111111111111 0.025892857142857145 0.06916666666666667
0 0.83 0.3016666666666667 0.024464285714285713 0.06111111111111111
3 0.8014285714285714 0.31166666666666665 0.026964285714285715 0.07111111111111111