3 0.2117857142857143 0.33444444444444443 0.03625 0.07972222222222222
0 0.29 0.29777777777777775 0.038392857142857145 0.07361111111111111
0 0.3578571428571429 0.2811111111111111 0.037321428571428575 0.0775
0 0.32392857142857145 0.36944444444444446 0.04375 0.08972222222222222
0 0.3875 0.35388888888888886 0.03571428571428571 0.08222222222222222
0 0.44892857142857145 0.4488888888888889 0.049107142857142856 0.11611111111111111
3 0.42964285714285716 0.15888888888888889 0.027142857142857142 0.05555555555555555
1 0.4860714285714286 0.15666666666666668 0.020892857142857144 0.04888888888888889
3 0.5128571428571429 0.22333333333333333 0.027321428571428573 0.06055555555555556
0 0.5260714285714285 0.14833333333333334 0.02 0.03027777777777778
0 0.5603571428571429 0.1711111111111111 0.025714285714285714 0.04694444444444444
0 0.6164285714285714 0.23722222222222222 0.025714285714285714 0.056666666666666664
0 0.6360714285714286 0.1761111111111111 0.02482142857142857 0.050277777777777775
3 0.6764285714285714 0.16 0.025714285714285714 0.045
0 0.6485714285714286 0.2972222222222222 0.03017857142857143 0.06555555555555556
3 0.6639285714285714 0.20722222222222222 0.02517857142857143 0.057777777777777775
0 0.7521428571428571 0.20444444444444446 0.027321428571428573 0.06027777777777778
3 0.6817857142857143 0.2588888888888889 0.02625 0.06666666666666667
0 0.7360714285714286 0.2611111111111111 0.03232142857142857 0.06666666666666667
0 0.8117857142857143 0.2644444444444444 0.025714285714285714 0.03805555555555556
3 0.4685714285714286 0.19111111111111112 0.028392857142857143 0.06416666666666666
0 0.5192857142857142 0.17722222222222223 0.023035714285714284 0.05555555555555555
3 0.5671428571428572 0.20777777777777778 0.03 0.051111111111111114
0 0.6964285714285714 0.2061111111111111 0.031607142857142854 0.05555555555555555
0 0.7875 0.3688888888888889 0.02625 0.06916666666666667
0 0.8314285714285714 0.3005555555555556 0.024464285714285713 0.06111111111111111
3 0.8014285714285714 0.31166666666666665 0.026964285714285715 0.07111111111111111