3 0.2117857142857143 0.33444444444444443 0.03625 0.07972222222222222
0 0.30428571428571427 0.29555555555555557 0.03410714285714286 0.044444444444444446
0 0.3578571428571429 0.2777777777777778 0.037321428571428575 0.0775
3 0.31285714285714283 0.3611111111111111 0.0425 0.08277777777777778
0 0.3875 0.35388888888888886 0.03571428571428571 0.08222222222222222
3 0.44607142857142856 0.43722222222222223 0.049107142857142856 0.11666666666666667
0 0.4328571428571429 0.16555555555555557 0.027142857142857142 0.05555555555555555
3 0.475 0.14722222222222223 0.02125 0.04888888888888889
0 0.5164285714285715 0.24444444444444444 0.027321428571428573 0.06166666666666667
3 0.5275 0.14944444444444444 0.022857142857142857 0.0325
3 0.5671428571428572 0.17444444444444446 0.025714285714285714 0.04694444444444444
0 0.6142857142857143 0.2288888888888889 0.025714285714285714 0.05722222222222222
3 0.635 0.16444444444444445 0.024464285714285713 0.050833333333333335
3 0.6760714285714285 0.16 0.025714285714285714 0.045
0 0.6578571428571428 0.295 0.03017857142857143 0.06555555555555556
3 0.6639285714285714 0.20722222222222222 0.02517857142857143 0.057777777777777775
0 0.7575 0.2088888888888889 0.027678571428571427 0.06027777777777778
0 0.6828571428571428 0.2588888888888889 0.024107142857142858 0.06666666666666667
0 0.7332142857142857 0.25166666666666665 0.03232142857142857 0.06666666666666667
0 0.47035714285714286 0.19444444444444445 0.028035714285714285 0.06416666666666666
0 0.5207142857142857 0.18833333333333332 0.023035714285714284 0.05555555555555555
1 0.5725 0.21444444444444444 0.04071428571428572 0.06472222222222222
3 0.6892857142857143 0.20222222222222222 0.024464285714285713 0.05305555555555556
0 0.7875 0.3688888888888889 0.02625 0.06916666666666667
3 0.8264285714285714 0.29444444444444445 0.024464285714285713 0.06055555555555556
3 0.8014285714285714 0.31166666666666665 0.026964285714285715 0.07111111111111111
0 0.6046428571428571 0.2966666666666667 0.03767857142857143 0.07361111111111111