0 0.22 0.3433333333333333 0.0425 0.07111111111111111
0 0.3 0.29833333333333334 0.03785714285714286 0.06944444444444445
0 0.3510714285714286 0.2872222222222222 0.03 0.0811111111111111
3 0.31142857142857144 0.36666666666666664 0.04178571428571429 0.0811111111111111
0 0.38535714285714284 0.3522222222222222 0.03642857142857143 0.07166666666666667
0 0.4525 0.45222222222222225 0.047142857142857146 0.10388888888888889
0 0.43464285714285716 0.16555555555555557 0.027142857142857142 0.05555555555555555
0 0.48214285714285715 0.15388888888888888 0.017857142857142856 0.04555555555555556
0 0.5135714285714286 0.2361111111111111 0.03 0.06722222222222222
0 0.5310714285714285 0.15722222222222224 0.023214285714285715 0.04055555555555555
3 0.5628571428571428 0.1711111111111111 0.02142857142857143 0.04111111111111111
0 0.6110714285714286 0.235 0.024642857142857143 0.05555555555555555
0 0.6389285714285714 0.17444444444444446 0.021785714285714287 0.04555555555555556
3 0.6764285714285714 0.16166666666666665 0.023214285714285715 0.042777777777777776
3 0.635 0.275 0.025357142857142856 0.055
1 0.6657142857142857 0.20722222222222222 0.022857142857142857 0.04888888888888889
0 0.7510714285714286 0.20166666666666666 0.024642857142857143 0.049444444444444444
3 0.6860714285714286 0.2633333333333333 0.026071428571428572 0.06666666666666667
3 0.7353571428571428 0.25555555555555554 0.027142857142857142 0.05555555555555555
3 0.46535714285714286 0.19 0.02892857142857143 0.05277777777777778
0 0.5207142857142857 0.19277777777777777 0.023214285714285715 0.044444444444444446
3 0.57 0.21333333333333335 0.02892857142857143 0.057777777777777775
0 0.6985714285714286 0.21222222222222223 0.025357142857142856 0.05277777777777778
3 0.7785714285714286 0.3372222222222222 0.026071428571428572 0.06944444444444445
3 0.8282142857142857 0.2911111111111111 0.021785714285714287 0.059444444444444446
3 0.8128571428571428 0.33944444444444444 0.027142857142857142 0.059444444444444446
3 0.5867857142857142 0.29055555555555557 0.03 0.07611111111111112