0 0.22 0.3433333333333333 0.04267857142857143 0.07111111111111111
0 0.3 0.29833333333333334 0.0375 0.06972222222222223
3 0.3385714285714286 0.2916666666666667 0.038392857142857145 0.07222222222222222
0 0.31142857142857144 0.36666666666666664 0.041607142857142856 0.08055555555555556
3 0.38535714285714284 0.3522222222222222 0.03642857142857143 0.07138888888888889
0 0.4525 0.45222222222222225 0.047142857142857146 0.10416666666666667
0 0.43464285714285716 0.16555555555555557 0.027142857142857142 0.05555555555555555
0 0.48214285714285715 0.15388888888888888 0.018214285714285714 0.04555555555555556
0 0.5242857142857142 0.24222222222222223 0.03 0.06694444444444445
0 0.5310714285714285 0.15722222222222224 0.023392857142857142 0.04083333333333333
0 0.5657142857142857 0.1711111111111111 0.02142857142857143 0.04055555555555555
3 0.6064285714285714 0.2238888888888889 0.024464285714285713 0.05555555555555555
0 0.6389285714285714 0.17444444444444446 0.021964285714285714 0.04611111111111111
0 0.6764285714285714 0.16166666666666665 0.023035714285714284 0.043055555555555555
3 0.6339285714285714 0.2688888888888889 0.029107142857142856 0.06277777777777778
1 0.6671428571428571 0.20722222222222222 0.022857142857142857 0.04888888888888889
0 0.7510714285714286 0.20166666666666666 0.02482142857142857 0.04972222222222222
3 0.6860714285714286 0.2633333333333333 0.02625 0.06666666666666667
0 0.7385714285714285 0.2577777777777778 0.027142857142857142 0.05555555555555555
3 0.46535714285714286 0.19 0.029107142857142856 0.05305555555555556
3 0.5167857142857143 0.19055555555555556 0.025 0.050277777777777775
3 0.57 0.21333333333333335 0.02875 0.057777777777777775
0 0.6953571428571429 0.21222222222222223 0.02517857142857143 0.05305555555555556
3 0.7785714285714286 0.3372222222222222 0.025892857142857145 0.06972222222222223
3 0.8282142857142857 0.2911111111111111 0.021964285714285714 0.059722222222222225
3 0.8042857142857143 0.31833333333333336 0.025714285714285714 0.06138888888888889
0 0.5910714285714286 0.29833333333333334 0.03 0.0763888888888889