0 0.22 0.3433333333333333 0.0425 0.07111111111111111
0 0.3 0.29833333333333334 0.03785714285714286 0.06944444444444445
3 0.3171428571428571 0.36777777777777776 0.038214285714285715 0.07222222222222222
0 0.35035714285714287 0.285 0.04178571428571429 0.0811111111111111
0 0.38571428571428573 0.35 0.0375 0.08222222222222222
3 0.4575 0.39055555555555554 0.04607142857142857 0.11444444444444445
3 0.4317857142857143 0.16055555555555556 0.027142857142857142 0.05555555555555555
0 0.48214285714285715 0.15388888888888888 0.017857142857142856 0.04555555555555556
0 0.5171428571428571 0.23222222222222222 0.03 0.06722222222222222
0 0.5310714285714285 0.15722222222222224 0.023214285714285715 0.04055555555555555
3 0.5589285714285714 0.17055555555555554 0.02142857142857143 0.04111111111111111
0 0.6139285714285714 0.23666666666666666 0.024642857142857143 0.05555555555555555
3 0.6371428571428571 0.16 0.021785714285714287 0.04555555555555556
3 0.6717857142857143 0.15666666666666668 0.023214285714285715 0.042777777777777776
3 0.655 0.2822222222222222 0.02892857142857143 0.06333333333333334
1 0.6671428571428571 0.20722222222222222 0.022857142857142857 0.04888888888888889
0 0.7510714285714286 0.20166666666666666 0.024642857142857143 0.049444444444444444
3 0.6939285714285715 0.265 0.026071428571428572 0.06666666666666667
0 0.7507142857142857 0.26722222222222225 0.027142857142857142 0.05555555555555555
3 0.46535714285714286 0.19 0.02892857142857143 0.05277777777777778
0 0.5171428571428571 0.1827777777777778 0.025357142857142856 0.035
3 0.5742857142857143 0.21888888888888888 0.02892857142857143 0.057777777777777775
0 0.6953571428571429 0.21222222222222223 0.025357142857142856 0.05277777777777778
3 0.7710714285714285 0.3283333333333333 0.026071428571428572 0.06944444444444445
0 0.8403571428571428 0.30333333333333334 0.027857142857142858 0.06555555555555556
1 0.8042857142857143 0.315 0.030357142857142857 0.06722222222222222
0 0.5907142857142857 0.29833333333333334 0.03 0.07611111111111112