3 0.21642857142857144 0.31 0.04267857142857143 0.07111111111111111
3 0.27464285714285713 0.2872222222222222 0.03785714285714286 0.06972222222222223
0 0.33321428571428574 0.4011111111111111 0.047142857142857146 0.09972222222222223
0 0.345 0.3016666666666667 0.041607142857142856 0.0811111111111111
0 0.38392857142857145 0.3433333333333333 0.03767857142857143 0.08222222222222222
0 0.4639285714285714 0.485 0.06517857142857143 0.13444444444444445
3 0.4317857142857143 0.16055555555555556 0.027142857142857142 0.05555555555555555
1 0.4878571428571429 0.15444444444444444 0.021607142857142856 0.04611111111111111
0 0.5046428571428572 0.2311111111111111 0.03 0.06694444444444445
0 0.5285714285714286 0.15722222222222224 0.023035714285714284 0.04083333333333333
3 0.565 0.1738888888888889 0.024642857142857143 0.03861111111111111
1 0.6307142857142857 0.15944444444444444 0.024464285714285713 0.06111111111111111
1 0.6667857142857143 0.16055555555555556 0.023392857142857142 0.043055555555555555
3 0.6410714285714286 0.2738888888888889 0.029107142857142856 0.06333333333333334
0 0.7510714285714286 0.20166666666666666 0.02482142857142857 0.04972222222222222
3 0.6778571428571428 0.2511111111111111 0.027321428571428573 0.07111111111111111
0 0.7321428571428571 0.2611111111111111 0.027142857142857142 0.05555555555555555
3 0.4725 0.19333333333333333 0.029107142857142856 0.05305555555555556
0 0.5214285714285715 0.19555555555555557 0.024464285714285713 0.05388888888888889
0 0.5721428571428572 0.21555555555555556 0.02875 0.057777777777777775
0 0.6971428571428572 0.21388888888888888 0.025357142857142856 0.05472222222222222
3 0.7746428571428572 0.3288888888888889 0.02625 0.06916666666666667
0 0.7692857142857142 0.26166666666666666 0.0275 0.06555555555555556
3 0.8125 0.30722222222222223 0.030535714285714284 0.0675
3 0.5817857142857142 0.28 0.03375 0.06888888888888889
0 0.8392857142857143 0.2872222222222222 0.02982142857142857 0.06777777777777778