3 0.21642857142857144 0.31 0.0425 0.07111111111111111
3 0.27464285714285713 0.2872222222222222 0.03785714285714286 0.06944444444444445
0 0.33321428571428574 0.4011111111111111 0.047142857142857146 0.09944444444444445
0 0.345 0.3016666666666667 0.04178571428571429 0.0811111111111111
0 0.38392857142857145 0.3433333333333333 0.0375 0.08222222222222222
0 0.4639285714285714 0.485 0.06535714285714286 0.13444444444444445
3 0.4317857142857143 0.16055555555555556 0.027142857142857142 0.05555555555555555
1 0.4878571428571429 0.15444444444444444 0.021785714285714287 0.04555555555555556
0 0.5046428571428572 0.2311111111111111 0.03 0.06722222222222222
0 0.5285714285714286 0.15722222222222224 0.023214285714285715 0.04055555555555555
3 0.565 0.1738888888888889 0.025 0.03833333333333333
1 0.6307142857142857 0.15944444444444444 0.024642857142857143 0.06111111111111111
1 0.6667857142857143 0.16055555555555556 0.023214285714285715 0.042777777777777776
3 0.6410714285714286 0.2738888888888889 0.02892857142857143 0.06333333333333334
0 0.7510714285714286 0.20166666666666666 0.024642857142857143 0.049444444444444444
3 0.6778571428571428 0.2511111111111111 0.0275 0.07111111111111111
0 0.7321428571428571 0.2611111111111111 0.027142857142857142 0.05555555555555555
3 0.4725 0.19333333333333333 0.02892857142857143 0.05277777777777778
0 0.5214285714285715 0.19555555555555557 0.024642857142857143 0.05444444444444444
0 0.5721428571428572 0.21555555555555556 0.02892857142857143 0.057777777777777775
0 0.6971428571428572 0.21388888888888888 0.025 0.055
3 0.7746428571428572 0.3288888888888889 0.026071428571428572 0.06944444444444445
0 0.7692857142857142 0.26166666666666666 0.027857142857142858 0.06555555555555556
3 0.8125 0.30722222222222223 0.030357142857142857 0.06722222222222222
3 0.5817857142857142 0.28 0.033928571428571426 0.06888888888888889
0 0.8392857142857143 0.2872222222222222 0.029642857142857144 0.06777777777777778