0 0.215 0.31777777777777777 0.04267857142857143 0.07111111111111111
3 0.27285714285714285 0.28944444444444445 0.0375 0.06972222222222223
0 0.33321428571428574 0.4011111111111111 0.047142857142857146 0.09972222222222223
0 0.345 0.3016666666666667 0.041607142857142856 0.0811111111111111
0 0.38392857142857145 0.3433333333333333 0.03767857142857143 0.08222222222222222
3 0.46 0.4772222222222222 0.06553571428571428 0.13444444444444445
3 0.43107142857142855 0.16055555555555556 0.027142857142857142 0.05555555555555555
1 0.48714285714285716 0.15611111111111112 0.021607142857142856 0.04555555555555556
0 0.5046428571428572 0.2311111111111111 0.03 0.06694444444444445
0 0.5325 0.15333333333333332 0.02482142857142857 0.045
3 0.565 0.1738888888888889 0.024642857142857143 0.03861111111111111
3 0.6328571428571429 0.15944444444444444 0.024464285714285713 0.06111111111111111
3 0.6614285714285715 0.165 0.026964285714285715 0.051111111111111114
3 0.6414285714285715 0.2677777777777778 0.02875 0.06388888888888888
0 0.7442857142857143 0.1988888888888889 0.031607142857142854 0.057777777777777775
3 0.6778571428571428 0.2511111111111111 0.027321428571428573 0.07111111111111111
0 0.7321428571428571 0.2611111111111111 0.027142857142857142 0.05555555555555555
0 0.4710714285714286 0.20055555555555554 0.029107142857142856 0.0525
0 0.5214285714285715 0.19555555555555557 0.024464285714285713 0.05388888888888889
0 0.5739285714285715 0.22166666666666668 0.03232142857142857 0.07
0 0.6971428571428572 0.21388888888888888 0.025357142857142856 0.05472222222222222
0 0.7660714285714286 0.3433333333333333 0.029464285714285714 0.06694444444444445
0 0.7692857142857142 0.26166666666666666 0.0275 0.06555555555555556
0 0.8135714285714286 0.305 0.03017857142857143 0.0675
3 0.5817857142857142 0.2922222222222222 0.03767857142857143 0.06694444444444445
0 0.8571428571428571 0.31 0.02982142857142857 0.06833333333333333
0 0.6096428571428572 0.26055555555555554 0.028035714285714285 0.0636111111111111