0 0.21857142857142858 0.325 0.0425 0.07111111111111111
3 0.2810714285714286 0.2861111111111111 0.03785714285714286 0.06944444444444445
3 0.3467857142857143 0.28944444444444445 0.0325 0.09055555555555556
0 0.31357142857142856 0.37277777777777776 0.04178571428571429 0.0811111111111111
0 0.3807142857142857 0.34055555555555556 0.03857142857142857 0.08222222222222222
3 0.4642857142857143 0.47333333333333333 0.05928571428571429 0.12222222222222222
3 0.4142857142857143 0.16444444444444445 0.03142857142857143 0.057777777777777775
1 0.48857142857142855 0.15944444444444444 0.025714285714285714 0.04722222222222222
0 0.5053571428571428 0.22666666666666666 0.026785714285714284 0.06666666666666667
1 0.5328571428571428 0.15166666666666667 0.023571428571428573 0.05555555555555555
3 0.5692857142857143 0.1761111111111111 0.026071428571428572 0.04888888888888889
0 0.6060714285714286 0.25666666666666665 0.024642857142857143 0.05555555555555555
0 0.6314285714285715 0.16166666666666665 0.026785714285714284 0.05444444444444444
0 0.6635714285714286 0.165 0.024642857142857143 0.05277777777777778
3 0.6446428571428572 0.2777777777777778 0.029285714285714286 0.06055555555555556
0 0.6764285714285714 0.21333333333333335 0.022857142857142857 0.04888888888888889
0 0.7457142857142857 0.19777777777777777 0.0275 0.06055555555555556
3 0.6742857142857143 0.2594444444444444 0.026071428571428572 0.06666666666666667
0 0.7303571428571428 0.265 0.03142857142857143 0.06722222222222222
3 0.8464285714285714 0.3338888888888889 0.022857142857142857 0.056666666666666664
3 0.46785714285714286 0.19111111111111112 0.025714285714285714 0.06111111111111111
0 0.5235714285714286 0.19833333333333333 0.025357142857142856 0.050555555555555555
0 0.5732142857142857 0.23166666666666666 0.02892857142857143 0.057777777777777775
0 0.6960714285714286 0.21444444444444444 0.025357142857142856 0.05277777777777778
0 0.5960714285714286 0.3211111111111111 0.03214285714285714 0.06944444444444445
3 0.8542857142857143 0.3 0.023214285714285715 0.05277777777777778
0 0.7671428571428571 0.25833333333333336 0.027142857142857142 0.059444444444444446
3 0.7753571428571429 0.33166666666666667 0.03535714285714286 0.06722222222222222