0 0.21857142857142858 0.325 0.04267857142857143 0.07111111111111111
3 0.3510714285714286 0.2922222222222222 0.03785714285714286 0.06916666666666667
0 0.2742857142857143 0.2916666666666667 0.03267857142857143 0.09027777777777778
0 0.31392857142857145 0.37 0.04232142857142857 0.09805555555555556
0 0.3846428571428571 0.34444444444444444 0.03857142857142857 0.08222222222222222
3 0.4642857142857143 0.47333333333333333 0.05964285714285714 0.12222222222222222
0 0.4446428571428571 0.18222222222222223 0.030535714285714284 0.08416666666666667
1 0.49464285714285716 0.15944444444444444 0.025714285714285714 0.0475
0 0.5289285714285714 0.2427777777777778 0.03214285714285714 0.06972222222222223
3 0.5692857142857143 0.1761111111111111 0.025892857142857145 0.04888888888888889
0 0.6060714285714286 0.2594444444444444 0.02482142857142857 0.05555555555555555
3 0.6314285714285715 0.16166666666666665 0.026964285714285715 0.05444444444444444
0 0.6639285714285714 0.165 0.02482142857142857 0.0525
1 0.6346428571428572 0.2861111111111111 0.03142857142857143 0.06555555555555556
1 0.6671428571428571 0.20944444444444443 0.022857142857142857 0.04888888888888889
0 0.7503571428571428 0.20277777777777778 0.027678571428571427 0.060833333333333336
3 0.6767857142857143 0.2611111111111111 0.031964285714285716 0.06916666666666667
0 0.7303571428571428 0.265 0.03142857142857143 0.0675
3 0.8135714285714286 0.30944444444444447 0.022857142857142857 0.056666666666666664
3 0.4732142857142857 0.19111111111111112 0.025714285714285714 0.06166666666666667
3 0.5271428571428571 0.1827777777777778 0.026964285714285715 0.06305555555555556
0 0.5732142857142857 0.23166666666666666 0.029107142857142856 0.057777777777777775
0 0.6975 0.21222222222222223 0.02517857142857143 0.05305555555555556
1 0.5882142857142857 0.30444444444444446 0.03214285714285714 0.06916666666666667
1 0.8442857142857143 0.32666666666666666 0.023035714285714284 0.05305555555555556
0 0.7671428571428571 0.25833333333333336 0.027142857142857142 0.059166666666666666
1 0.7878571428571428 0.3438888888888889 0.03553571428571429 0.0675