0 0.22428571428571428 0.33055555555555555 0.03571428571428571 0.07555555555555556
0 0.35035714285714287 0.30666666666666664 0.03571428571428571 0.08055555555555556
0 0.2742857142857143 0.2916666666666667 0.03267857142857143 0.09027777777777778
3 0.30964285714285716 0.3566666666666667 0.039107142857142854 0.08916666666666667
0 0.3846428571428571 0.34444444444444444 0.03857142857142857 0.08222222222222222
3 0.4642857142857143 0.47333333333333333 0.05964285714285714 0.12222222222222222
0 0.4446428571428571 0.18222222222222223 0.030535714285714284 0.08416666666666667
3 0.4775 0.14555555555555555 0.025714285714285714 0.04694444444444444
0 0.5410714285714285 0.2511111111111111 0.03214285714285714 0.06916666666666667
3 0.5689285714285715 0.17666666666666667 0.02625 0.04888888888888889
0 0.6060714285714286 0.2594444444444444 0.02482142857142857 0.05555555555555555
3 0.6314285714285715 0.16166666666666665 0.026964285714285715 0.05444444444444444
0 0.6639285714285714 0.165 0.02482142857142857 0.0525
1 0.6303571428571428 0.2927777777777778 0.03142857142857143 0.06555555555555556
1 0.6646428571428571 0.21055555555555555 0.022857142857142857 0.04888888888888889
0 0.7503571428571428 0.20777777777777778 0.027678571428571427 0.06027777777777778
3 0.6767857142857143 0.2611111111111111 0.031964285714285716 0.06916666666666667
0 0.7303571428571428 0.265 0.03142857142857143 0.0675
3 0.8135714285714286 0.30944444444444447 0.022857142857142857 0.056666666666666664
3 0.4732142857142857 0.19111111111111112 0.025714285714285714 0.06166666666666667
0 0.5314285714285715 0.17888888888888888 0.026964285714285715 0.0625
0 0.5732142857142857 0.23166666666666666 0.029107142857142856 0.057777777777777775
0 0.6917857142857143 0.21222222222222223 0.02517857142857143 0.05305555555555556
1 0.5882142857142857 0.30444444444444446 0.03214285714285714 0.06916666666666667
3 0.8496428571428571 0.3022222222222222 0.02625 0.06472222222222222
0 0.7671428571428571 0.25833333333333336 0.027142857142857142 0.059166666666666666
3 0.7796428571428572 0.3338888888888889 0.03517857142857143 0.0675