0 0.22428571428571428 0.33055555555555555 0.03571428571428571 0.07555555555555556
0 0.3492857142857143 0.295 0.03571428571428571 0.0811111111111111
0 0.29714285714285715 0.29833333333333334 0.029285714285714286 0.07222222222222222
3 0.305 0.3616666666666667 0.029642857142857144 0.08222222222222222
0 0.3846428571428571 0.34444444444444444 0.03857142857142857 0.08222222222222222
0 0.4660714285714286 0.48055555555555557 0.05928571428571429 0.12222222222222222
0 0.4392857142857143 0.17888888888888888 0.027857142857142858 0.07333333333333333
3 0.4775 0.14555555555555555 0.025714285714285714 0.04722222222222222
0 0.5339285714285714 0.2427777777777778 0.03214285714285714 0.06944444444444445
3 0.5689285714285715 0.17666666666666667 0.026071428571428572 0.04888888888888889
0 0.6060714285714286 0.2594444444444444 0.024642857142857143 0.05555555555555555
3 0.6314285714285715 0.16166666666666665 0.026785714285714284 0.05444444444444444
0 0.6639285714285714 0.165 0.024642857142857143 0.05277777777777778
1 0.6303571428571428 0.3055555555555556 0.03142857142857143 0.06555555555555556
1 0.6646428571428571 0.21055555555555555 0.022857142857142857 0.04888888888888889
0 0.7503571428571428 0.20777777777777778 0.0275 0.06055555555555556
3 0.6767857142857143 0.2611111111111111 0.031785714285714285 0.06944444444444445
0 0.7303571428571428 0.265 0.03142857142857143 0.06722222222222222
3 0.8003571428571429 0.3016666666666667 0.022857142857142857 0.056666666666666664
0 0.4735714285714286 0.19555555555555557 0.028214285714285713 0.06777777777777778
3 0.525 0.17888888888888888 0.026785714285714284 0.06277777777777778
0 0.5732142857142857 0.23166666666666666 0.02892857142857143 0.057777777777777775
0 0.6917857142857143 0.21222222222222223 0.025357142857142856 0.05277777777777778
1 0.5971428571428572 0.3161111111111111 0.03214285714285714 0.06944444444444445
3 0.8489285714285715 0.2966666666666667 0.026071428571428572 0.065
0 0.7692857142857142 0.2588888888888889 0.027142857142857142 0.059444444444444446
1 0.7753571428571429 0.33444444444444443 0.03535714285714286 0.06722222222222222