0 0.21107142857142858 0.33111111111111113 0.03571428571428571 0.07555555555555556
0 0.34464285714285714 0.29555555555555557 0.03571428571428571 0.08055555555555556
3 0.2889285714285714 0.29388888888888887 0.029285714285714286 0.07222222222222222
0 0.3078571428571429 0.36277777777777775 0.03553571428571429 0.08444444444444445
0 0.3846428571428571 0.34444444444444444 0.03857142857142857 0.08222222222222222
3 0.45571428571428574 0.49333333333333335 0.05964285714285714 0.12222222222222222
3 0.43892857142857145 0.16333333333333333 0.027142857142857142 0.05305555555555556
1 0.48392857142857143 0.15555555555555556 0.025714285714285714 0.04694444444444444
3 0.5171428571428571 0.23055555555555557 0.031785714285714285 0.06972222222222223
3 0.5689285714285715 0.17666666666666667 0.02625 0.04888888888888889
0 0.6060714285714286 0.2594444444444444 0.02482142857142857 0.05555555555555555
3 0.6314285714285715 0.16166666666666665 0.026964285714285715 0.05444444444444444
0 0.6639285714285714 0.165 0.02482142857142857 0.0525
3 0.6432142857142857 0.2911111111111111 0.03142857142857143 0.0661111111111111
3 0.6653571428571429 0.21388888888888888 0.02375 0.056666666666666664
0 0.7503571428571428 0.20777777777777778 0.027678571428571427 0.06027777777777778
3 0.6860714285714286 0.2733333333333333 0.031964285714285716 0.06916666666666667
0 0.7328571428571429 0.265 0.03142857142857143 0.0675
3 0.8060714285714285 0.30277777777777776 0.027142857142857142 0.060833333333333336
0 0.4735714285714286 0.19555555555555557 0.028392857142857143 0.06722222222222222
3 0.525 0.17888888888888888 0.026964285714285715 0.0625
0 0.5732142857142857 0.23166666666666666 0.029107142857142856 0.057777777777777775
3 0.6907142857142857 0.19944444444444445 0.027142857142857142 0.05333333333333334
0 0.5971428571428572 0.3161111111111111 0.031785714285714285 0.06972222222222223
3 0.85 0.3022222222222222 0.025892857142857145 0.06472222222222222
0 0.7692857142857142 0.2588888888888889 0.027142857142857142 0.059722222222222225
0 0.7732142857142857 0.33111111111111113 0.03517857142857143 0.06694444444444445