3 0.21107142857142858 0.33111111111111113 0.03571428571428571 0.07555555555555556
0 0.34464285714285714 0.29555555555555557 0.03571428571428571 0.0811111111111111
0 0.2782142857142857 0.3022222222222222 0.029285714285714286 0.07222222222222222
0 0.3117857142857143 0.3622222222222222 0.04321428571428571 0.08388888888888889
3 0.3825 0.34055555555555556 0.03857142857142857 0.08222222222222222
3 0.45571428571428574 0.49333333333333335 0.05928571428571429 0.12222222222222222
0 0.43857142857142856 0.16777777777777778 0.027142857142857142 0.05277777777777778
3 0.4789285714285714 0.15 0.025714285714285714 0.04722222222222222
1 0.5114285714285715 0.2311111111111111 0.03214285714285714 0.06944444444444445
3 0.5689285714285715 0.17666666666666667 0.026071428571428572 0.04888888888888889
0 0.6060714285714286 0.2594444444444444 0.024642857142857143 0.05555555555555555
0 0.6314285714285715 0.16166666666666665 0.026785714285714284 0.05444444444444444
0 0.6639285714285714 0.165 0.024642857142857143 0.05277777777777778
0 0.6571428571428571 0.28888888888888886 0.03142857142857143 0.06555555555555556
3 0.6585714285714286 0.21388888888888888 0.023928571428571428 0.056666666666666664
0 0.7503571428571428 0.20777777777777778 0.0275 0.06055555555555556
3 0.6860714285714286 0.2733333333333333 0.031785714285714285 0.06944444444444445
0 0.7328571428571429 0.265 0.03142857142857143 0.06722222222222222
3 0.8060714285714285 0.30277777777777776 0.027142857142857142 0.06055555555555556
0 0.4742857142857143 0.19055555555555556 0.027142857142857142 0.05333333333333334
0 0.5128571428571429 0.17777777777777778 0.025357142857142856 0.04833333333333333
0 0.5732142857142857 0.23166666666666666 0.02892857142857143 0.057777777777777775
3 0.6907142857142857 0.19944444444444445 0.027142857142857142 0.05333333333333334
0 0.6071428571428571 0.3188888888888889 0.03857142857142857 0.06888888888888889
0 0.8421428571428572 0.2816666666666667 0.026071428571428572 0.065
3 0.7692857142857142 0.2588888888888889 0.027142857142857142 0.059444444444444446
0 0.7732142857142857 0.33111111111111113 0.03535714285714286 0.06722222222222222
0 0.5317857142857143 0.15444444444444444 0.019285714285714285 0.055