3 0.21107142857142858 0.33111111111111113 0.03571428571428571 0.07555555555555556
0 0.3425 0.3016666666666667 0.031785714285714285 0.09222222222222222
0 0.2782142857142857 0.3022222222222222 0.029285714285714286 0.07222222222222222
0 0.31607142857142856 0.3788888888888889 0.04321428571428571 0.08388888888888889
3 0.38107142857142856 0.335 0.036071428571428574 0.07111111111111111
3 0.45571428571428574 0.49333333333333335 0.05928571428571429 0.12222222222222222
3 0.43857142857142856 0.16777777777777778 0.027142857142857142 0.05277777777777778
1 0.4807142857142857 0.15 0.025714285714285714 0.04722222222222222
3 0.5114285714285715 0.22666666666666666 0.03214285714285714 0.06944444444444445
3 0.5646428571428571 0.17888888888888888 0.026071428571428572 0.04888888888888889
0 0.6060714285714286 0.2594444444444444 0.024642857142857143 0.05555555555555555
0 0.6314285714285715 0.16166666666666665 0.026785714285714284 0.05444444444444444
0 0.6639285714285714 0.165 0.024642857142857143 0.05277777777777778
0 0.6557142857142857 0.2922222222222222 0.03142857142857143 0.06555555555555556
3 0.655 0.21388888888888888 0.023928571428571428 0.056666666666666664
0 0.7503571428571428 0.20777777777777778 0.0275 0.06055555555555556
3 0.6860714285714286 0.26944444444444443 0.031785714285714285 0.06944444444444445
0 0.73 0.2627777777777778 0.03142857142857143 0.06722222222222222
3 0.8117857142857143 0.3016666666666667 0.027142857142857142 0.06055555555555556
0 0.48428571428571426 0.20166666666666666 0.027142857142857142 0.05333333333333334
3 0.5289285714285714 0.17944444444444443 0.025357142857142856 0.04833333333333333
0 0.5732142857142857 0.23166666666666666 0.02892857142857143 0.057777777777777775
3 0.6939285714285715 0.20777777777777778 0.027142857142857142 0.05333333333333334
0 0.6071428571428571 0.30333333333333334 0.03857142857142857 0.06888888888888889
0 0.8485714285714285 0.29333333333333333 0.026071428571428572 0.065
0 0.7692857142857142 0.2588888888888889 0.027142857142857142 0.059444444444444446
0 0.7732142857142857 0.33111111111111113 0.03535714285714286 0.06722222222222222