0 0.21571428571428572 0.33611111111111114 0.0425 0.07111111111111111
3 0.2810714285714286 0.2861111111111111 0.03785714285714286 0.06944444444444445
3 0.35 0.28 0.0275 0.06555555555555556
3 0.31 0.37333333333333335 0.04178571428571429 0.0811111111111111
0 0.37892857142857145 0.3566666666666667 0.03642857142857143 0.07166666666666667
0 0.4617857142857143 0.4688888888888889 0.04607142857142857 0.10666666666666667
3 0.4332142857142857 0.15666666666666668 0.027142857142857142 0.05555555555555555
0 0.47964285714285715 0.15388888888888888 0.017857142857142856 0.04555555555555556
3 0.5135714285714286 0.22055555555555556 0.026785714285714284 0.06666666666666667
1 0.5353571428571429 0.15833333333333333 0.025357142857142856 0.06722222222222222
3 0.5760714285714286 0.17666666666666667 0.02142857142857143 0.04111111111111111
0 0.6110714285714286 0.235 0.024642857142857143 0.05555555555555555
0 0.6367857142857143 0.17444444444444446 0.021785714285714287 0.04555555555555556
3 0.6692857142857143 0.16055555555555556 0.017857142857142856 0.034444444444444444
3 0.6535714285714286 0.2827777777777778 0.025357142857142856 0.055
3 0.6685714285714286 0.21555555555555556 0.022857142857142857 0.04888888888888889
0 0.7457142857142857 0.19777777777777777 0.0275 0.06055555555555556
0 0.6896428571428571 0.2688888888888889 0.026071428571428572 0.06666666666666667
0 0.7553571428571428 0.2772222222222222 0.027142857142857142 0.05555555555555555
0 0.8060714285714285 0.2722222222222222 0.021785714285714287 0.058888888888888886
0 0.4685714285714286 0.185 0.022857142857142857 0.055
0 0.5221428571428571 0.17444444444444446 0.025357142857142856 0.050555555555555555
1 0.5714285714285714 0.21777777777777776 0.02892857142857143 0.057777777777777775
0 0.7017857142857142 0.21666666666666667 0.025357142857142856 0.05277777777777778
0 0.7671428571428571 0.3333333333333333 0.024642857142857143 0.06166666666666667
3 0.8303571428571429 0.29333333333333333 0.026071428571428572 0.05444444444444444
2 0.7889285714285714 0.2927777777777778 0.027142857142857142 0.059444444444444446