3 0.21214285714285713 0.33111111111111113 0.0425 0.07111111111111111
1 0.2764285714285714 0.31777777777777777 0.03785714285714286 0.06944444444444445
0 0.33535714285714285 0.2972222222222222 0.03214285714285714 0.0961111111111111
0 0.3171428571428571 0.37833333333333335 0.04178571428571429 0.0811111111111111
3 0.3782142857142857 0.33555555555555555 0.03642857142857143 0.07166666666666667
0 0.4739285714285714 0.48333333333333334 0.05928571428571429 0.1361111111111111
0 0.43392857142857144 0.175 0.028214285714285713 0.06722222222222222
0 0.4767857142857143 0.15388888888888888 0.023571428571428573 0.04555555555555556
3 0.5142857142857142 0.2238888888888889 0.026785714285714284 0.06666666666666667
3 0.57 0.17722222222222223 0.02142857142857143 0.04111111111111111
3 0.6067857142857143 0.23444444444444446 0.024642857142857143 0.05555555555555555
0 0.6325 0.16666666666666666 0.021785714285714287 0.04555555555555556
0 0.6642857142857143 0.16777777777777778 0.019285714285714285 0.049444444444444444
0 0.6082142857142857 0.3238888888888889 0.03428571428571429 0.06777777777777778
3 0.6560714285714285 0.21166666666666667 0.022857142857142857 0.04888888888888889
0 0.75 0.21055555555555555 0.0275 0.06055555555555556
3 0.6853571428571429 0.2688888888888889 0.026071428571428572 0.06666666666666667
0 0.735 0.2611111111111111 0.027142857142857142 0.05555555555555555
3 0.6521428571428571 0.2822222222222222 0.030357142857142857 0.06944444444444445
0 0.48214285714285715 0.19944444444444445 0.024642857142857143 0.04833333333333333
0 0.5232142857142857 0.1811111111111111 0.023214285714285715 0.045
0 0.5721428571428572 0.22555555555555556 0.02892857142857143 0.057777777777777775
1 0.6878571428571428 0.20222222222222222 0.025357142857142856 0.05277777777777778
0 0.7746428571428572 0.33111111111111113 0.02892857142857143 0.06277777777777778
0 0.8464285714285714 0.29333333333333333 0.026071428571428572 0.05444444444444444
3 0.8167857142857143 0.305 0.027142857142857142 0.059444444444444446
0 0.7664285714285715 0.26222222222222225 0.026071428571428572 0.06111111111111111