0 0.21214285714285713 0.33111111111111113 0.04267857142857143 0.07111111111111111
0 0.2767857142857143 0.30444444444444446 0.03785714285714286 0.06916666666666667
1 0.3271428571428571 0.29333333333333333 0.03875 0.08694444444444445
0 0.3292857142857143 0.405 0.041607142857142856 0.0811111111111111
3 0.3782142857142857 0.33555555555555555 0.03642857142857143 0.07138888888888889
3 0.47535714285714287 0.4672222222222222 0.05928571428571429 0.1363888888888889
0 0.43392857142857144 0.175 0.028035714285714285 0.0675
3 0.5210714285714285 0.22277777777777777 0.026607142857142857 0.06666666666666667
3 0.57 0.17722222222222223 0.02142857142857143 0.04111111111111111
0 0.6082142857142857 0.2561111111111111 0.031964285714285716 0.06111111111111111
0 0.6325 0.16666666666666666 0.021964285714285714 0.045
0 0.6642857142857143 0.16777777777777778 0.019642857142857142 0.049166666666666664
0 0.6082142857142857 0.345 0.03428571428571429 0.06777777777777778
3 0.6560714285714285 0.21166666666666667 0.022857142857142857 0.04888888888888889
0 0.75 0.21055555555555555 0.027321428571428573 0.060833333333333336
3 0.6821428571428572 0.2688888888888889 0.025892857142857145 0.06666666666666667
0 0.7232142857142857 0.2544444444444444 0.027142857142857142 0.05555555555555555
3 0.6521428571428571 0.2822222222222222 0.03017857142857143 0.06916666666666667
3 0.4785714285714286 0.18388888888888888 0.024464285714285713 0.04805555555555555
0 0.5310714285714285 0.1811111111111111 0.023392857142857142 0.04472222222222222
0 0.5721428571428572 0.22555555555555556 0.02875 0.057777777777777775
3 0.6878571428571428 0.20222222222222222 0.025535714285714287 0.05305555555555556
3 0.7735714285714286 0.3322222222222222 0.02875 0.0625
0 0.8464285714285714 0.29333333333333333 0.025892857142857145 0.05388888888888889
3 0.8167857142857143 0.305 0.027142857142857142 0.059166666666666666
0 0.7664285714285715 0.26222222222222225 0.025892857142857145 0.06166666666666667