0 0.21214285714285713 0.33111111111111113 0.0425 0.07111111111111111
0 0.2764285714285714 0.29777777777777775 0.03785714285714286 0.06944444444444445
0 0.3271428571428571 0.31166666666666665 0.03892857142857143 0.08722222222222223
0 0.3325 0.405 0.04178571428571429 0.0811111111111111
3 0.3782142857142857 0.33555555555555555 0.03642857142857143 0.07166666666666667
3 0.4710714285714286 0.47444444444444445 0.05928571428571429 0.1361111111111111
0 0.43392857142857144 0.175 0.028214285714285713 0.06722222222222222
0 0.5210714285714285 0.22277777777777777 0.026785714285714284 0.06666666666666667
3 0.57 0.17722222222222223 0.02142857142857143 0.04111111111111111
0 0.6082142857142857 0.2561111111111111 0.031785714285714285 0.06111111111111111
0 0.6325 0.16666666666666666 0.021785714285714287 0.04555555555555556
0 0.6642857142857143 0.16777777777777778 0.019285714285714285 0.049444444444444444
0 0.6082142857142857 0.345 0.03428571428571429 0.06777777777777778
3 0.6560714285714285 0.21166666666666667 0.022857142857142857 0.04888888888888889
0 0.75 0.21055555555555555 0.0275 0.06055555555555556
3 0.6821428571428572 0.2688888888888889 0.026071428571428572 0.06666666666666667
0 0.735 0.2627777777777778 0.027142857142857142 0.05555555555555555
1 0.6521428571428571 0.2822222222222222 0.030357142857142857 0.06944444444444445
3 0.47535714285714287 0.18222222222222223 0.024642857142857143 0.04833333333333333
3 0.5253571428571429 0.17944444444444443 0.023214285714285715 0.045
0 0.5721428571428572 0.22555555555555556 0.02892857142857143 0.057777777777777775
3 0.6903571428571429 0.20222222222222222 0.025357142857142856 0.05277777777777778
3 0.7735714285714286 0.3322222222222222 0.02892857142857143 0.06277777777777778
3 0.8442857142857143 0.2722222222222222 0.026071428571428572 0.05444444444444444
3 0.8167857142857143 0.305 0.027142857142857142 0.059444444444444446
0 0.7664285714285715 0.26222222222222225 0.026071428571428572 0.06111111111111111