0 0.20785714285714285 0.3383333333333333 0.0425 0.07111111111111111
3 0.2725 0.29055555555555557 0.038214285714285715 0.07111111111111111
0 0.3535714285714286 0.28888888888888886 0.03535714285714286 0.07777777777777778
3 0.30357142857142855 0.36833333333333335 0.04107142857142857 0.09333333333333334
3 0.3782142857142857 0.33555555555555555 0.03642857142857143 0.07166666666666667
3 0.46 0.4888888888888889 0.05928571428571429 0.1361111111111111
0 0.43392857142857144 0.175 0.028214285714285713 0.06722222222222222
3 0.5085714285714286 0.22277777777777777 0.026785714285714284 0.06666666666666667
3 0.57 0.17722222222222223 0.02142857142857143 0.04111111111111111
0 0.6082142857142857 0.2561111111111111 0.031785714285714285 0.06111111111111111
0 0.6325 0.16666666666666666 0.021785714285714287 0.04555555555555556
0 0.6642857142857143 0.16777777777777778 0.019285714285714285 0.049444444444444444
0 0.6082142857142857 0.345 0.03428571428571429 0.06777777777777778
3 0.6560714285714285 0.21166666666666667 0.022857142857142857 0.04888888888888889
0 0.75 0.21055555555555555 0.0275 0.06055555555555556
3 0.6821428571428572 0.2688888888888889 0.026071428571428572 0.06666666666666667
0 0.735 0.2627777777777778 0.027142857142857142 0.05555555555555555
1 0.6492857142857142 0.2816666666666667 0.030357142857142857 0.06944444444444445
3 0.4739285714285714 0.18944444444444444 0.0275 0.06166666666666667
3 0.5232142857142857 0.17722222222222223 0.0275 0.049444444444444444
0 0.5721428571428572 0.22555555555555556 0.02892857142857143 0.057777777777777775
3 0.6957142857142857 0.20055555555555554 0.025357142857142856 0.05277777777777778
0 0.7896428571428571 0.36444444444444446 0.02892857142857143 0.06277777777777778
0 0.8553571428571428 0.29444444444444445 0.03142857142857143 0.06944444444444445
3 0.815 0.3188888888888889 0.027142857142857142 0.059444444444444446
0 0.7664285714285715 0.26222222222222225 0.026071428571428572 0.06111111111111111