3 0.2117857142857143 0.3227777777777778 0.04232142857142857 0.07111111111111111
3 0.28035714285714286 0.30833333333333335 0.038035714285714284 0.07111111111111111
0 0.31607142857142856 0.38222222222222224 0.03482142857142857 0.08194444444444444
0 0.38035714285714284 0.3322222222222222 0.040535714285714286 0.08
0 0.46 0.4888888888888889 0.05964285714285714 0.13583333333333333
0 0.43392857142857144 0.175 0.028035714285714285 0.0675
3 0.5160714285714286 0.23222222222222222 0.026607142857142857 0.06666666666666667
3 0.5782142857142857 0.16833333333333333 0.027678571428571427 0.0475
3 0.6 0.23 0.033928571428571426 0.06055555555555556
0 0.6325 0.16555555555555557 0.021964285714285714 0.04611111111111111
3 0.6642857142857143 0.16777777777777778 0.019642857142857142 0.049166666666666664
0 0.6057142857142858 0.33444444444444443 0.03428571428571429 0.06833333333333333
3 0.6560714285714285 0.21166666666666667 0.022857142857142857 0.04888888888888889
0 0.75 0.21055555555555555 0.027321428571428573 0.060833333333333336
0 0.6821428571428572 0.2688888888888889 0.025892857142857145 0.06666666666666667
0 0.735 0.2627777777777778 0.027142857142857142 0.05555555555555555
0 0.6514285714285715 0.3016666666666667 0.03017857142857143 0.06972222222222223
0 0.4775 0.15444444444444444 0.026607142857142857 0.03333333333333333
3 0.5257142857142857 0.18333333333333332 0.027321428571428573 0.049166666666666664
3 0.5625 0.2088888888888889 0.029107142857142856 0.057777777777777775
3 0.69 0.20055555555555554 0.025535714285714287 0.0525
1 0.7796428571428572 0.3338888888888889 0.029107142857142856 0.06305555555555556
3 0.8421428571428572 0.29777777777777775 0.03142857142857143 0.06916666666666667
3 0.815 0.3188888888888889 0.027142857142857142 0.059722222222222225
3 0.7635714285714286 0.26222222222222225 0.025892857142857145 0.06166666666666667
3 0.47714285714285715 0.19722222222222222 0.025892857142857145 0.05444444444444444