0 0.22 0.3372222222222222 0.0425 0.07111111111111111
3 0.2810714285714286 0.2861111111111111 0.03785714285714286 0.06944444444444445
3 0.35 0.28 0.0275 0.06555555555555556
0 0.315 0.38555555555555554 0.04178571428571429 0.0811111111111111
0 0.37892857142857145 0.3566666666666667 0.03642857142857143 0.07166666666666667
0 0.4589285714285714 0.4666666666666667 0.04964285714285714 0.125
3 0.4332142857142857 0.15666666666666668 0.027142857142857142 0.05555555555555555
3 0.4767857142857143 0.15388888888888888 0.023571428571428573 0.04555555555555556
3 0.5135714285714286 0.22055555555555556 0.026785714285714284 0.06666666666666667
0 0.5307142857142857 0.15388888888888888 0.019285714285714285 0.03833333333333333
1 0.5760714285714286 0.17666666666666667 0.02142857142857143 0.04111111111111111
0 0.6110714285714286 0.235 0.024642857142857143 0.05555555555555555
0 0.6367857142857143 0.17444444444444446 0.021785714285714287 0.04555555555555556
3 0.6689285714285714 0.15333333333333332 0.019285714285714285 0.049444444444444444
0 0.6307142857142857 0.2961111111111111 0.03428571428571429 0.06777777777777778
3 0.6685714285714286 0.21555555555555556 0.022857142857142857 0.04888888888888889
0 0.7457142857142857 0.19777777777777777 0.0275 0.06055555555555556
0 0.6896428571428571 0.2688888888888889 0.026071428571428572 0.06666666666666667
0 0.7428571428571429 0.26722222222222225 0.027142857142857142 0.05555555555555555
0 0.8064285714285714 0.2688888888888889 0.020714285714285713 0.042777777777777776
0 0.48714285714285716 0.20944444444444443 0.022857142857142857 0.055
0 0.5210714285714285 0.1811111111111111 0.023214285714285715 0.045
3 0.57 0.21333333333333335 0.02892857142857143 0.057777777777777775
3 0.6967857142857142 0.20222222222222222 0.025357142857142856 0.05277777777777778
3 0.7692857142857142 0.3338888888888889 0.02892857142857143 0.06277777777777778
0 0.8303571428571429 0.29333333333333333 0.026071428571428572 0.05444444444444444
3 0.8042857142857143 0.31277777777777777 0.027142857142857142 0.059444444444444446