0 0.22 0.3372222222222222 0.04267857142857143 0.07111111111111111
3 0.2810714285714286 0.2861111111111111 0.03785714285714286 0.06972222222222223
0 0.35 0.28 0.027321428571428573 0.0661111111111111
3 0.3132142857142857 0.3655555555555556 0.03517857142857143 0.07361111111111111
0 0.38392857142857145 0.3561111111111111 0.03642857142857143 0.07194444444444445
0 0.4610714285714286 0.4483333333333333 0.04946428571428572 0.12527777777777777
0 0.43535714285714283 0.16722222222222222 0.027142857142857142 0.05555555555555555
3 0.4767857142857143 0.15388888888888888 0.023571428571428573 0.04555555555555556
3 0.5089285714285714 0.21166666666666667 0.021964285714285714 0.057777777777777775
0 0.5417857142857143 0.1661111111111111 0.019285714285714285 0.03861111111111111
3 0.5767857142857142 0.17333333333333334 0.023392857142857142 0.035
0 0.6110714285714286 0.235 0.02482142857142857 0.05555555555555555
0 0.6367857142857143 0.17444444444444446 0.021964285714285714 0.04611111111111111
3 0.6689285714285714 0.15333333333333332 0.019285714285714285 0.049166666666666664
1 0.6525 0.29388888888888887 0.03428571428571429 0.06777777777777778
3 0.6660714285714285 0.215 0.022857142857142857 0.04888888888888889
0 0.7460714285714286 0.20666666666666667 0.027678571428571427 0.06027777777777778
3 0.6817857142857143 0.25833333333333336 0.020714285714285713 0.057777777777777775
0 0.7428571428571429 0.26722222222222225 0.027142857142857142 0.05555555555555555
3 0.7814285714285715 0.2477777777777778 0.02035714285714286 0.0425
0 0.48714285714285716 0.20944444444444443 0.022857142857142857 0.05472222222222222
0 0.5210714285714285 0.1811111111111111 0.023392857142857142 0.04472222222222222
1 0.5728571428571428 0.21333333333333335 0.02875 0.057777777777777775
0 0.7028571428571428 0.21166666666666667 0.026964285714285715 0.057777777777777775
3 0.7692857142857142 0.3338888888888889 0.02875 0.06305555555555556
3 0.8303571428571429 0.29333333333333333 0.02625 0.05388888888888889
3 0.8042857142857143 0.31277777777777777 0.027142857142857142 0.059166666666666666