3 0.21214285714285713 0.325 0.04267857142857143 0.07111111111111111
3 0.2810714285714286 0.2861111111111111 0.03785714285714286 0.06972222222222223
3 0.335 0.2861111111111111 0.03571428571428571 0.07194444444444445
3 0.32285714285714284 0.37444444444444447 0.04017857142857143 0.08611111111111111
0 0.3792857142857143 0.3377777777777778 0.036071428571428574 0.07138888888888889
0 0.45964285714285713 0.4855555555555556 0.04946428571428572 0.12472222222222222
0 0.43535714285714283 0.16722222222222222 0.027142857142857142 0.05555555555555555
3 0.5178571428571429 0.2288888888888889 0.027321428571428573 0.058333333333333334
3 0.5789285714285715 0.17444444444444446 0.023571428571428573 0.041666666666666664
1 0.6028571428571429 0.22722222222222221 0.024464285714285713 0.05555555555555555
0 0.6332142857142857 0.1688888888888889 0.021964285714285714 0.045
3 0.6671428571428571 0.15777777777777777 0.019642857142857142 0.049166666666666664
0 0.6071428571428571 0.3333333333333333 0.03696428571428571 0.08861111111111111
3 0.6553571428571429 0.21388888888888888 0.022857142857142857 0.04888888888888889
0 0.7457142857142857 0.20666666666666667 0.027321428571428573 0.06027777777777778
0 0.6785714285714286 0.27555555555555555 0.025357142857142856 0.06027777777777778
3 0.7235714285714285 0.2538888888888889 0.03 0.06305555555555556
3 0.76 0.255 0.021607142857142856 0.05555555555555555
3 0.4764285714285714 0.19277777777777777 0.022857142857142857 0.05472222222222222
3 0.5264285714285715 0.17944444444444443 0.023035714285714284 0.04527777777777778
0 0.5660714285714286 0.22277777777777777 0.029107142857142856 0.057777777777777775
0 0.7028571428571428 0.21166666666666667 0.026964285714285715 0.057777777777777775
1 0.7792857142857142 0.3377777777777778 0.02875 0.0625
3 0.8403571428571428 0.29 0.02625 0.055
3 0.8092857142857143 0.31333333333333335 0.027142857142857142 0.059722222222222225