3 0.2117857142857143 0.325 0.04232142857142857 0.07111111111111111
0 0.2882142857142857 0.30444444444444446 0.03214285714285714 0.08638888888888889
1 0.325 0.28888888888888886 0.03571428571428571 0.07138888888888889
0 0.3196428571428571 0.3711111111111111 0.040535714285714286 0.085
0 0.3792857142857143 0.3377777777777778 0.036071428571428574 0.07138888888888889
0 0.45964285714285713 0.4855555555555556 0.04946428571428572 0.12472222222222222
0 0.43535714285714283 0.16722222222222222 0.027142857142857142 0.05555555555555555
0 0.5467857142857143 0.26055555555555554 0.03142857142857143 0.07861111111111112
3 0.5767857142857142 0.17 0.027678571428571427 0.050833333333333335
0 0.6114285714285714 0.23833333333333334 0.02892857142857143 0.06527777777777778
3 0.6325 0.1638888888888889 0.023571428571428573 0.05555555555555555
0 0.665 0.16722222222222222 0.01892857142857143 0.04972222222222222
0 0.6035714285714285 0.32166666666666666 0.03696428571428571 0.08805555555555555
3 0.655 0.21555555555555556 0.022857142857142857 0.04888888888888889
0 0.7503571428571428 0.20666666666666667 0.027678571428571427 0.06027777777777778
0 0.6785714285714286 0.2761111111111111 0.025357142857142856 0.060833333333333336
0 0.7410714285714286 0.265 0.03 0.06305555555555556
0 0.7632142857142857 0.25666666666666665 0.027678571428571427 0.05333333333333334
0 0.4810714285714286 0.1988888888888889 0.027857142857142858 0.0625
3 0.5257142857142857 0.1811111111111111 0.026964285714285715 0.05333333333333334
0 0.5660714285714286 0.22277777777777777 0.029107142857142856 0.057777777777777775
3 0.6785714285714286 0.21055555555555555 0.026964285714285715 0.057777777777777775
0 0.7764285714285715 0.3333333333333333 0.03267857142857143 0.07138888888888889
3 0.8403571428571428 0.29 0.02625 0.055
3 0.8092857142857143 0.31333333333333335 0.027142857142857142 0.059722222222222225