3 0.2117857142857143 0.325 0.0425 0.07111111111111111
0 0.28464285714285714 0.30444444444444446 0.03214285714285714 0.08611111111111111
1 0.325 0.28888888888888886 0.03571428571428571 0.07166666666666667
0 0.3082142857142857 0.36277777777777775 0.040357142857142855 0.08555555555555555
0 0.3792857142857143 0.3377777777777778 0.03642857142857143 0.07166666666666667
0 0.455 0.48333333333333334 0.04964285714285714 0.125
0 0.43607142857142855 0.17166666666666666 0.027142857142857142 0.05555555555555555
0 0.5235714285714286 0.24333333333333335 0.03142857142857143 0.07833333333333334
3 0.5767857142857142 0.17 0.0275 0.050555555555555555
3 0.6114285714285714 0.23833333333333334 0.029285714285714286 0.065
1 0.6325 0.1638888888888889 0.023571428571428573 0.05555555555555555
1 0.665 0.16722222222222222 0.019285714285714285 0.049444444444444444
0 0.6003571428571428 0.32166666666666666 0.03678571428571428 0.08833333333333333
0 0.7503571428571428 0.20666666666666667 0.0275 0.06055555555555556
0 0.6785714285714286 0.2761111111111111 0.025 0.06055555555555556
0 0.7410714285714286 0.265 0.03 0.06277777777777778
0 0.7632142857142857 0.25666666666666665 0.0275 0.05333333333333334
3 0.4742857142857143 0.19444444444444445 0.027857142857142858 0.06277777777777778
3 0.5257142857142857 0.1811111111111111 0.026785714285714284 0.05333333333333334
3 0.56 0.22277777777777777 0.02892857142857143 0.057777777777777775
1 0.6553571428571429 0.21944444444444444 0.026785714285714284 0.057777777777777775
0 0.7760714285714285 0.325 0.0325 0.07166666666666667
3 0.8403571428571428 0.2838888888888889 0.027857142857142858 0.06166666666666667
3 0.8092857142857143 0.31333333333333335 0.027142857142857142 0.059444444444444446