3 0.20892857142857144 0.3288888888888889 0.0425 0.07111111111111111
0 0.2864285714285714 0.31444444444444447 0.02892857142857143 0.06777777777777778
0 0.3382142857142857 0.2822222222222222 0.03571428571428571 0.07166666666666667
3 0.3082142857142857 0.36277777777777775 0.040357142857142855 0.08555555555555555
0 0.3817857142857143 0.33944444444444444 0.04107142857142857 0.08388888888888889
0 0.4632142857142857 0.48944444444444446 0.04964285714285714 0.125
0 0.43607142857142855 0.17166666666666666 0.027142857142857142 0.05555555555555555
0 0.5192857142857142 0.24333333333333335 0.03142857142857143 0.07833333333333334
3 0.5767857142857142 0.17 0.0275 0.050555555555555555
0 0.6117857142857143 0.2388888888888889 0.029285714285714286 0.065
3 0.6325 0.1638888888888889 0.023571428571428573 0.05555555555555555
0 0.665 0.16722222222222222 0.019285714285714285 0.049444444444444444
0 0.6003571428571428 0.32166666666666666 0.03678571428571428 0.08833333333333333
0 0.7478571428571429 0.20277777777777778 0.0275 0.06055555555555556
0 0.6803571428571429 0.27666666666666667 0.028214285714285713 0.06111111111111111
0 0.7285714285714285 0.25666666666666665 0.03 0.06277777777777778
0 0.7632142857142857 0.25666666666666665 0.0275 0.05333333333333334
3 0.4742857142857143 0.19444444444444445 0.027857142857142858 0.06277777777777778
3 0.5257142857142857 0.1811111111111111 0.026785714285714284 0.05333333333333334
3 0.56 0.22166666666666668 0.02892857142857143 0.057777777777777775
3 0.6610714285714285 0.21888888888888888 0.026785714285714284 0.057777777777777775
0 0.7760714285714285 0.325 0.0325 0.07166666666666667
3 0.8403571428571428 0.2838888888888889 0.027857142857142858 0.06166666666666667
3 0.8092857142857143 0.31333333333333335 0.027142857142857142 0.059444444444444446
1 0.6842857142857143 0.2088888888888889 0.027142857142857142 0.057777777777777775