0 0.20535714285714285 0.335 0.0425 0.07111111111111111
0 0.2864285714285714 0.31444444444444447 0.02892857142857143 0.06777777777777778
0 0.3335714285714286 0.2861111111111111 0.03571428571428571 0.07166666666666667
3 0.3082142857142857 0.36277777777777775 0.040357142857142855 0.08555555555555555
0 0.3821428571428571 0.33944444444444444 0.04107142857142857 0.08388888888888889
0 0.4632142857142857 0.48944444444444446 0.04964285714285714 0.125
3 0.43607142857142855 0.16166666666666665 0.027142857142857142 0.05555555555555555
0 0.5192857142857142 0.24333333333333335 0.03142857142857143 0.07833333333333334
3 0.5732142857142857 0.17 0.0275 0.050555555555555555
0 0.6146428571428572 0.24944444444444444 0.029285714285714286 0.065
1 0.6325 0.1638888888888889 0.023571428571428573 0.05555555555555555
1 0.6625 0.16666666666666666 0.019285714285714285 0.049444444444444444
0 0.6 0.33444444444444443 0.03678571428571428 0.08833333333333333
0 0.7478571428571429 0.20277777777777778 0.0275 0.06055555555555556
0 0.6803571428571429 0.265 0.028214285714285713 0.06111111111111111
0 0.7178571428571429 0.24944444444444444 0.03 0.06277777777777778
0 0.7632142857142857 0.25666666666666665 0.0275 0.05333333333333334
3 0.4714285714285714 0.19722222222222222 0.027857142857142858 0.06277777777777778
3 0.5257142857142857 0.1811111111111111 0.026785714285714284 0.05333333333333334
2 0.5664285714285714 0.24222222222222223 0.04178571428571429 0.09833333333333333
1 0.4860714285714286 0.15444444444444444 0.02142857142857143 0.056666666666666664
0 0.77 0.325 0.0325 0.07166666666666667
3 0.8403571428571428 0.29 0.027857142857142858 0.06166666666666667
3 0.8092857142857143 0.31333333333333335 0.027142857142857142 0.059444444444444446
0 0.6485714285714286 0.2861111111111111 0.027142857142857142 0.057777777777777775