0 0.20535714285714285 0.3477777777777778 0.0425 0.07111111111111111
0 0.28464285714285714 0.31444444444444447 0.026071428571428572 0.06166666666666667
3 0.30964285714285716 0.37222222222222223 0.040357142857142855 0.08555555555555555
0 0.3821428571428571 0.33944444444444444 0.04107142857142857 0.08388888888888889
0 0.46964285714285714 0.5027777777777778 0.0575 0.12
3 0.43607142857142855 0.16166666666666665 0.027142857142857142 0.05555555555555555
3 0.5089285714285714 0.22 0.03214285714285714 0.06722222222222222
3 0.5732142857142857 0.17 0.0275 0.050555555555555555
0 0.6225 0.24944444444444444 0.029285714285714286 0.065
0 0.6325 0.1638888888888889 0.023571428571428573 0.05555555555555555
0 0.6635714285714286 0.17 0.024642857142857143 0.05333333333333334
0 0.5996428571428571 0.325 0.03678571428571428 0.08833333333333333
0 0.7478571428571429 0.20277777777777778 0.0275 0.06055555555555556
0 0.68 0.2733333333333333 0.027857142857142858 0.07722222222222222
3 0.6632142857142858 0.21388888888888888 0.026785714285714284 0.04888888888888889
0 0.7703571428571429 0.2638888888888889 0.0275 0.05333333333333334
3 0.4757142857142857 0.19555555555555557 0.027857142857142858 0.06277777777777778
3 0.5257142857142857 0.1811111111111111 0.026785714285714284 0.05333333333333334
2 0.5664285714285714 0.24222222222222223 0.04178571428571429 0.09833333333333333
0 0.48892857142857143 0.1661111111111111 0.02142857142857143 0.056666666666666664
0 0.77 0.325 0.0325 0.07166666666666667
3 0.8403571428571428 0.29 0.027857142857142858 0.06166666666666667
3 0.8092857142857143 0.31333333333333335 0.027142857142857142 0.059444444444444446
0 0.6521428571428571 0.305 0.03214285714285714 0.07
1 0.6917857142857143 0.21055555555555555 0.027142857142857142 0.06111111111111111
0 0.7417857142857143 0.26944444444444443 0.025714285714285714 0.06055555555555556