0 0.20535714285714285 0.3477777777777778 0.04232142857142857 0.07111111111111111
0 0.28464285714285714 0.31444444444444447 0.02625 0.06194444444444445
3 0.30964285714285716 0.37222222222222223 0.040535714285714286 0.08611111111111111
0 0.3821428571428571 0.33944444444444444 0.04125 0.08361111111111111
0 0.46964285714285714 0.5027777777777778 0.057678571428571426 0.12
3 0.43607142857142855 0.16166666666666665 0.027142857142857142 0.05555555555555555
3 0.5089285714285714 0.22 0.03214285714285714 0.06694444444444445
3 0.5732142857142857 0.17 0.027678571428571427 0.050833333333333335
0 0.6225 0.24944444444444444 0.029285714285714286 0.06527777777777778
0 0.6325 0.1638888888888889 0.023571428571428573 0.05555555555555555
0 0.6635714285714286 0.17 0.024464285714285713 0.05333333333333334
0 0.5996428571428571 0.325 0.03660714285714286 0.08805555555555555
0 0.7478571428571429 0.20277777777777778 0.027321428571428573 0.060833333333333336
0 0.68 0.2733333333333333 0.028214285714285713 0.0775
3 0.6632142857142858 0.21388888888888888 0.026607142857142857 0.04888888888888889
0 0.7703571428571429 0.2638888888888889 0.027678571428571427 0.05333333333333334
3 0.4757142857142857 0.19555555555555557 0.028214285714285713 0.0625
3 0.5257142857142857 0.1811111111111111 0.026964285714285715 0.05333333333333334
2 0.5664285714285714 0.24222222222222223 0.041607142857142856 0.09805555555555556
0 0.48892857142857143 0.1661111111111111 0.02142857142857143 0.056666666666666664
0 0.77 0.325 0.03267857142857143 0.07194444444444445
3 0.8403571428571428 0.29 0.027857142857142858 0.06194444444444445
3 0.8092857142857143 0.31333333333333335 0.027142857142857142 0.059722222222222225
0 0.6521428571428571 0.305 0.0325 0.07
1 0.6917857142857143 0.21055555555555555 0.027142857142857142 0.06111111111111111
0 0.7417857142857143 0.26944444444444443 0.025714285714285714 0.060833333333333336