3 0.21535714285714286 0.33 0.04089285714285714 0.08444444444444445
0 0.28 0.31833333333333336 0.0375 0.06972222222222223
3 0.31357142857142856 0.3761111111111111 0.04267857142857143 0.07916666666666666
0 0.3817857142857143 0.33944444444444444 0.04 0.08333333333333333
0 0.45821428571428574 0.4922222222222222 0.05946428571428571 0.11361111111111111
0 0.43642857142857144 0.16777777777777778 0.027142857142857142 0.05555555555555555
1 0.4853571428571429 0.15388888888888888 0.023571428571428573 0.04555555555555556
3 0.5146428571428572 0.22166666666666668 0.021964285714285714 0.057777777777777775
3 0.5764285714285714 0.16777777777777778 0.024464285714285713 0.04472222222222222
0 0.6110714285714286 0.2577777777777778 0.029107142857142856 0.06472222222222222
0 0.6317857142857143 0.16666666666666666 0.021964285714285714 0.045
3 0.6628571428571428 0.16277777777777777 0.019642857142857142 0.04972222222222222
0 0.6039285714285715 0.3327777777777778 0.04375 0.08333333333333333
3 0.6660714285714285 0.215 0.022857142857142857 0.04888888888888889
0 0.7342857142857143 0.19444444444444445 0.025535714285714287 0.065
0 0.6864285714285714 0.28 0.0325 0.07333333333333333
3 0.7175 0.2427777777777778 0.027142857142857142 0.05555555555555555
0 0.7617857142857143 0.2588888888888889 0.027857142857142858 0.0575
3 0.4789285714285714 0.1938888888888889 0.02517857142857143 0.05444444444444444
3 0.5221428571428571 0.17888888888888888 0.023035714285714284 0.04472222222222222
2 0.5639285714285714 0.2311111111111111 0.039107142857142854 0.08916666666666667
3 0.6946428571428571 0.19944444444444445 0.026607142857142857 0.057777777777777775
3 0.7746428571428572 0.32222222222222224 0.029107142857142856 0.0625
3 0.8439285714285715 0.29388888888888887 0.025 0.05694444444444444
3 0.8092857142857143 0.3088888888888889 0.025892857142857145 0.07138888888888889