3 0.21535714285714286 0.33 0.04107142857142857 0.08444444444444445
0 0.28 0.31833333333333336 0.03785714285714286 0.06944444444444445
3 0.31357142857142856 0.3761111111111111 0.0425 0.07944444444444444
0 0.3817857142857143 0.33944444444444444 0.04 0.08333333333333333
3 0.4546428571428571 0.4938888888888889 0.05964285714285714 0.11388888888888889
0 0.43642857142857144 0.16777777777777778 0.027142857142857142 0.05555555555555555
3 0.4853571428571429 0.15388888888888888 0.023571428571428573 0.04555555555555556
3 0.5146428571428572 0.22166666666666668 0.021785714285714287 0.057777777777777775
3 0.5771428571428572 0.1711111111111111 0.026071428571428572 0.051666666666666666
0 0.6167857142857143 0.25666666666666665 0.02892857142857143 0.065
0 0.6317857142857143 0.16666666666666666 0.021785714285714287 0.04555555555555556
3 0.6628571428571428 0.16277777777777777 0.019285714285714285 0.049444444444444444
0 0.6039285714285715 0.3327777777777778 0.04392857142857143 0.08333333333333333
3 0.6660714285714285 0.215 0.022857142857142857 0.04888888888888889
0 0.7407142857142858 0.195 0.025357142857142856 0.06555555555555556
0 0.6864285714285714 0.28 0.03214285714285714 0.07333333333333333
3 0.7175 0.2427777777777778 0.027142857142857142 0.05555555555555555
0 0.7617857142857143 0.2588888888888889 0.027857142857142858 0.05722222222222222
0 0.47464285714285714 0.1938888888888889 0.025357142857142856 0.05444444444444444
3 0.5221428571428571 0.17888888888888888 0.023214285714285715 0.045
2 0.5639285714285714 0.2311111111111111 0.03892857142857143 0.08944444444444444
1 0.6971428571428572 0.215 0.026785714285714284 0.057777777777777775
3 0.7746428571428572 0.32222222222222224 0.02892857142857143 0.06277777777777778
3 0.8439285714285715 0.29388888888888887 0.025 0.05722222222222222
3 0.8092857142857143 0.3088888888888889 0.026071428571428572 0.07166666666666667