0 0.21071428571428572 0.335 0.04125 0.08444444444444445
0 0.28285714285714286 0.3061111111111111 0.0375 0.06972222222222223
3 0.30964285714285716 0.37444444444444447 0.04232142857142857 0.07972222222222222
0 0.3817857142857143 0.33944444444444444 0.04 0.08333333333333333
0 0.4546428571428571 0.4938888888888889 0.05946428571428571 0.11416666666666667
3 0.43642857142857144 0.16777777777777778 0.027142857142857142 0.05555555555555555
1 0.48857142857142855 0.16166666666666665 0.023214285714285715 0.04555555555555556
3 0.5175 0.22111111111111112 0.027857142857142858 0.0575
3 0.5721428571428572 0.1688888888888889 0.025892857142857145 0.05138888888888889
0 0.6167857142857143 0.25666666666666665 0.029107142857142856 0.06472222222222222
0 0.6317857142857143 0.1711111111111111 0.022321428571428572 0.05527777777777778
0 0.6657142857142857 0.16277777777777777 0.023214285714285715 0.04972222222222222
0 0.6039285714285715 0.3327777777777778 0.04375 0.08333333333333333
3 0.6582142857142858 0.215 0.022857142857142857 0.04888888888888889
0 0.7442857142857143 0.19444444444444445 0.025535714285714287 0.065
3 0.6796428571428571 0.27055555555555555 0.03214285714285714 0.07333333333333333
3 0.7339285714285714 0.25555555555555554 0.027142857142857142 0.05555555555555555
0 0.7617857142857143 0.2588888888888889 0.027857142857142858 0.0575
0 0.4782142857142857 0.20277777777777778 0.03232142857142857 0.0675
3 0.5221428571428571 0.17888888888888888 0.023035714285714284 0.04472222222222222
2 0.5639285714285714 0.2311111111111111 0.039107142857142854 0.08916666666666667
3 0.7746428571428572 0.32222222222222224 0.029107142857142856 0.0625
1 0.8435714285714285 0.29388888888888887 0.024642857142857143 0.05694444444444444
0 0.8089285714285714 0.3277777777777778 0.02625 0.07138888888888889
1 0.3389285714285714 0.28444444444444444 0.03375 0.08861111111111111
3 0.6425 0.28833333333333333 0.027857142857142858 0.07222222222222222
1 0.7042857142857143 0.2361111111111111 0.025714285714285714 0.06138888888888889