0 0.21071428571428572 0.33111111111111113 0.04107142857142857 0.08444444444444445
0 0.2885714285714286 0.3061111111111111 0.03785714285714286 0.06944444444444445
3 0.30964285714285716 0.37444444444444447 0.0425 0.07944444444444444
0 0.3817857142857143 0.33944444444444444 0.04 0.08333333333333333
0 0.4546428571428571 0.4938888888888889 0.05964285714285714 0.11388888888888889
3 0.43642857142857144 0.16777777777777778 0.027142857142857142 0.05555555555555555
1 0.4857142857142857 0.15444444444444444 0.023571428571428573 0.04555555555555556
3 0.5175 0.22111111111111112 0.027857142857142858 0.05722222222222222
3 0.5667857142857143 0.1688888888888889 0.026071428571428572 0.051666666666666666
0 0.6167857142857143 0.25666666666666665 0.02892857142857143 0.065
0 0.6317857142857143 0.1711111111111111 0.0225 0.055
0 0.6657142857142857 0.16277777777777777 0.023571428571428573 0.049444444444444444
0 0.6039285714285715 0.3327777777777778 0.04392857142857143 0.08333333333333333
3 0.6603571428571429 0.21666666666666667 0.022857142857142857 0.04888888888888889
0 0.7485714285714286 0.19666666666666666 0.025357142857142856 0.06555555555555556
0 0.6814285714285714 0.27666666666666667 0.03571428571428571 0.08555555555555555
3 0.7339285714285714 0.25555555555555554 0.027142857142857142 0.05555555555555555
3 0.7617857142857143 0.2588888888888889 0.027857142857142858 0.05722222222222222
0 0.4782142857142857 0.20277777777777778 0.0325 0.06722222222222222
3 0.5221428571428571 0.17888888888888888 0.023214285714285715 0.045
2 0.5639285714285714 0.2311111111111111 0.03892857142857143 0.08944444444444444
3 0.7857142857142857 0.36666666666666664 0.02892857142857143 0.06277777777777778
3 0.8503571428571428 0.3 0.025 0.05722222222222222
3 0.8096428571428571 0.3194444444444444 0.026071428571428572 0.07166666666666667
0 0.3225 0.28833333333333333 0.033928571428571426 0.08833333333333333
0 0.6453571428571429 0.2922222222222222 0.027857142857142858 0.07222222222222222
3 0.6882142857142857 0.20166666666666666 0.025714285714285714 0.06166666666666667