0 0.21 0.32666666666666666 0.04125 0.08444444444444445
0 0.2885714285714286 0.3061111111111111 0.0375 0.06972222222222223
3 0.3003571428571429 0.3711111111111111 0.04232142857142857 0.07972222222222222
3 0.3817857142857143 0.33944444444444444 0.04 0.08333333333333333
3 0.4546428571428571 0.4938888888888889 0.05946428571428571 0.11416666666666667
3 0.43607142857142855 0.16777777777777778 0.027142857142857142 0.05555555555555555
0 0.4835714285714286 0.15666666666666668 0.023928571428571428 0.04611111111111111
3 0.5167857142857143 0.22666666666666666 0.027857142857142858 0.0575
3 0.5667857142857143 0.1688888888888889 0.02625 0.05138888888888889
0 0.6167857142857143 0.25666666666666665 0.029107142857142856 0.06472222222222222
3 0.6317857142857143 0.1711111111111111 0.022321428571428572 0.05527777777777778
0 0.6657142857142857 0.16277777777777777 0.023214285714285715 0.04972222222222222
0 0.6039285714285715 0.3327777777777778 0.04375 0.08333333333333333
1 0.6614285714285715 0.21666666666666667 0.027321428571428573 0.06472222222222222
0 0.7485714285714286 0.19666666666666666 0.025535714285714287 0.065
3 0.6835714285714286 0.2811111111111111 0.03142857142857143 0.07583333333333334
0 0.7407142857142858 0.25722222222222224 0.027142857142857142 0.05555555555555555
0 0.4782142857142857 0.20277777777777778 0.03232142857142857 0.0675
3 0.5221428571428571 0.17888888888888888 0.023035714285714284 0.04472222222222222
2 0.5660714285714286 0.2338888888888889 0.04375 0.09444444444444444
0 0.775 0.32166666666666666 0.02875 0.06305555555555556
0 0.8517857142857143 0.3038888888888889 0.027678571428571427 0.06527777777777778
3 0.8096428571428571 0.3194444444444444 0.02625 0.07194444444444445
0 0.3225 0.28833333333333333 0.03375 0.08805555555555555
0 0.6453571428571429 0.2922222222222222 0.027857142857142858 0.07277777777777777
1 0.6935714285714286 0.21888888888888888 0.025714285714285714 0.06194444444444445