0 0.21 0.3333333333333333 0.04107142857142857 0.08444444444444445
0 0.2885714285714286 0.3061111111111111 0.03785714285714286 0.06944444444444445
3 0.30714285714285716 0.3711111111111111 0.0425 0.07944444444444444
3 0.3817857142857143 0.33944444444444444 0.04 0.08333333333333333
0 0.4546428571428571 0.4938888888888889 0.05964285714285714 0.11388888888888889
3 0.44535714285714284 0.15888888888888889 0.027142857142857142 0.05555555555555555
3 0.5167857142857143 0.22666666666666666 0.027857142857142858 0.05722222222222222
3 0.5667857142857143 0.1688888888888889 0.026071428571428572 0.051666666666666666
0 0.6167857142857143 0.25666666666666665 0.02892857142857143 0.065
0 0.6307142857142857 0.16444444444444445 0.0225 0.055
0 0.6657142857142857 0.1661111111111111 0.023928571428571428 0.056666666666666664
0 0.6039285714285715 0.3327777777777778 0.04392857142857143 0.08333333333333333
1 0.6675 0.21777777777777776 0.0275 0.065
0 0.7485714285714286 0.19666666666666666 0.025357142857142856 0.06555555555555556
0 0.6835714285714286 0.2811111111111111 0.03142857142857143 0.07611111111111112
3 0.7303571428571428 0.2511111111111111 0.027142857142857142 0.05555555555555555
0 0.4782142857142857 0.1922222222222222 0.0325 0.06722222222222222
3 0.5221428571428571 0.17888888888888888 0.023214285714285715 0.045
2 0.5660714285714286 0.2338888888888889 0.04392857142857143 0.09444444444444444
0 0.7710714285714285 0.32555555555555554 0.02892857142857143 0.06277777777777778
0 0.8464285714285714 0.30444444444444446 0.0275 0.065
0 0.8096428571428571 0.3194444444444444 0.026071428571428572 0.07166666666666667
0 0.3217857142857143 0.305 0.03571428571428571 0.06111111111111111
0 0.6453571428571429 0.2922222222222222 0.027857142857142858 0.07222222222222222
1 0.6935714285714286 0.21833333333333332 0.025714285714285714 0.06166666666666667
0 0.7871428571428571 0.26 0.03142857142857143 0.06722222222222222