0 0.21821428571428572 0.3411111111111111 0.04232142857142857 0.07111111111111111
3 0.2810714285714286 0.2861111111111111 0.03785714285714286 0.06972222222222223
1 0.35 0.28 0.027321428571428573 0.0661111111111111
1 0.3242857142857143 0.395 0.04267857142857143 0.07916666666666666
0 0.38392857142857145 0.3561111111111111 0.03642857142857143 0.07194444444444445
0 0.44571428571428573 0.4577777777777778 0.05392857142857143 0.10666666666666667
0 0.43535714285714283 0.16722222222222222 0.027142857142857142 0.05555555555555555
1 0.4882142857142857 0.16277777777777777 0.023571428571428573 0.04555555555555556
3 0.5089285714285714 0.21166666666666667 0.021964285714285714 0.057777777777777775
0 0.5417857142857143 0.1661111111111111 0.019285714285714285 0.03861111111111111
3 0.5767857142857142 0.17333333333333334 0.023392857142857142 0.035
0 0.6110714285714286 0.235 0.02482142857142857 0.05555555555555555
0 0.6367857142857143 0.17444444444444446 0.021964285714285714 0.04611111111111111
3 0.6689285714285714 0.15333333333333332 0.019285714285714285 0.049166666666666664
3 0.6435714285714286 0.27944444444444444 0.029642857142857144 0.06333333333333334
3 0.6660714285714285 0.215 0.022857142857142857 0.04888888888888889
0 0.7539285714285714 0.21166666666666667 0.018571428571428572 0.04972222222222222
3 0.6735714285714286 0.26166666666666666 0.02107142857142857 0.057777777777777775
0 0.7428571428571429 0.26722222222222225 0.027142857142857142 0.05555555555555555
0 0.7910714285714285 0.26222222222222225 0.020714285714285713 0.0425
0 0.48714285714285716 0.20944444444444443 0.022857142857142857 0.05472222222222222
0 0.5210714285714285 0.1811111111111111 0.023392857142857142 0.04472222222222222
1 0.5764285714285714 0.21888888888888888 0.03589285714285714 0.06694444444444445
1 0.6946428571428571 0.19944444444444445 0.026607142857142857 0.057777777777777775
3 0.7667857142857143 0.33111111111111113 0.029107142857142856 0.0625
3 0.8296428571428571 0.29444444444444445 0.025 0.0575
3 0.8017857142857143 0.3138888888888889 0.02214285714285714 0.06305555555555556