0 0.21571428571428572 0.3411111111111111 0.037321428571428575 0.07111111111111111
0 0.2739285714285714 0.3227777777777778 0.03785714285714286 0.06972222222222223
3 0.30464285714285716 0.37277777777777776 0.03428571428571429 0.06888888888888889
3 0.38357142857142856 0.3433333333333333 0.036071428571428574 0.07138888888888889
3 0.465 0.4638888888888889 0.059821428571428574 0.11222222222222222
0 0.44107142857142856 0.165 0.03571428571428571 0.06777777777777778
3 0.515 0.22944444444444445 0.025892857142857145 0.059166666666666666
3 0.5721428571428572 0.17166666666666666 0.023035714285714284 0.034444444444444444
0 0.6178571428571429 0.25166666666666665 0.024464285714285713 0.05555555555555555
0 0.6317857142857143 0.165 0.025 0.05555555555555555
3 0.6671428571428571 0.16555555555555557 0.019642857142857142 0.049166666666666664
3 0.6467857142857143 0.2838888888888889 0.029285714285714286 0.06333333333333334
3 0.6542857142857142 0.21166666666666667 0.022857142857142857 0.04888888888888889
0 0.7442857142857143 0.20333333333333334 0.028392857142857143 0.059722222222222225
0 0.6789285714285714 0.27555555555555555 0.02375 0.07555555555555556
0 0.7421428571428571 0.2627777777777778 0.027142857142857142 0.05555555555555555
0 0.7903571428571429 0.26722222222222225 0.027857142857142858 0.0525
3 0.47928571428571426 0.19944444444444445 0.03017857142857143 0.06305555555555556
3 0.5221428571428571 0.17888888888888888 0.024464285714285713 0.04666666666666667
2 0.5685714285714286 0.24388888888888888 0.03571428571428571 0.10222222222222223
1 0.6935714285714286 0.20444444444444446 0.026964285714285715 0.057777777777777775
0 0.7735714285714286 0.32611111111111113 0.02875 0.06305555555555556
0 0.8460714285714286 0.3 0.025 0.0575
0 0.8089285714285714 0.31222222222222223 0.02625 0.06194444444444445
0 0.6014285714285714 0.33444444444444443 0.03982142857142857 0.07333333333333333