0 0.21142857142857144 0.31777777777777777 0.037321428571428575 0.07111111111111111
0 0.2842857142857143 0.3188888888888889 0.0375 0.06916666666666667
3 0.30892857142857144 0.385 0.04285714285714286 0.09333333333333334
0 0.38357142857142856 0.3422222222222222 0.04 0.07583333333333334
3 0.44785714285714284 0.41055555555555556 0.059821428571428574 0.11222222222222222
3 0.43857142857142856 0.165 0.03571428571428571 0.06777777777777778
0 0.53 0.18777777777777777 0.024107142857142858 0.0575
3 0.57 0.17222222222222222 0.025714285714285714 0.0425
3 0.605 0.24055555555555555 0.0325 0.07694444444444444
0 0.6317857142857143 0.165 0.025 0.05555555555555555
0 0.6678571428571428 0.16555555555555557 0.01892857142857143 0.049166666666666664
1 0.655 0.21722222222222223 0.03142857142857143 0.06305555555555556
0 0.7464285714285714 0.20444444444444446 0.028392857142857143 0.059722222222222225
0 0.6842857142857143 0.28055555555555556 0.03446428571428571 0.08361111111111111
3 0.7314285714285714 0.2577777777777778 0.02892857142857143 0.06694444444444445
0 0.7775 0.25722222222222224 0.027857142857142858 0.0525
0 0.48142857142857143 0.20444444444444446 0.03017857142857143 0.0625
0 0.5389285714285714 0.25 0.03142857142857143 0.0625
0 0.5728571428571428 0.22111111111111112 0.031785714285714285 0.06916666666666667
0 0.7671428571428571 0.3227777777777778 0.02892857142857143 0.06666666666666667
0 0.8464285714285714 0.3 0.024642857142857143 0.0575
0 0.8082142857142857 0.31 0.02625 0.06194444444444445
0 0.6010714285714286 0.3322222222222222 0.039464285714285716 0.07333333333333333
0 0.6903571428571429 0.20777777777777778 0.030535714285714284 0.06666666666666667
3 0.3271428571428571 0.2738888888888889 0.037321428571428575 0.07472222222222222