0 0.21607142857142858 0.3283333333333333 0.0375 0.07111111111111111
0 0.2717857142857143 0.3005555555555556 0.03785714285714286 0.06944444444444445
3 0.30892857142857144 0.385 0.04285714285714286 0.09333333333333334
3 0.38357142857142856 0.3422222222222222 0.04 0.07611111111111112
3 0.4492857142857143 0.4161111111111111 0.05964285714285714 0.11222222222222222
3 0.43857142857142856 0.16555555555555557 0.03571428571428571 0.06777777777777778
0 0.5246428571428572 0.18611111111111112 0.023928571428571428 0.05722222222222222
3 0.57 0.17222222222222222 0.025714285714285714 0.042777777777777776
3 0.605 0.24055555555555555 0.03214285714285714 0.07722222222222222
0 0.6317857142857143 0.165 0.025 0.05555555555555555
0 0.6678571428571428 0.16555555555555557 0.019285714285714285 0.049444444444444444
1 0.655 0.21722222222222223 0.03142857142857143 0.06277777777777778
0 0.7464285714285714 0.20444444444444446 0.028214285714285713 0.059444444444444446
0 0.6842857142857143 0.28055555555555556 0.03464285714285714 0.08388888888888889
3 0.7314285714285714 0.2577777777777778 0.029285714285714286 0.06722222222222222
0 0.7775 0.25722222222222224 0.027857142857142858 0.05277777777777778
0 0.48142857142857143 0.20444444444444446 0.030357142857142857 0.06277777777777778
0 0.5178571428571429 0.22333333333333333 0.03142857142857143 0.06277777777777778
3 0.565 0.22111111111111112 0.03214285714285714 0.06944444444444445
0 0.7671428571428571 0.3227777777777778 0.029285714285714286 0.06666666666666667
0 0.8464285714285714 0.3 0.025 0.05722222222222222
3 0.8064285714285714 0.31 0.026071428571428572 0.06166666666666667
0 0.6010714285714286 0.3322222222222222 0.03964285714285714 0.07333333333333333
0 0.6903571428571429 0.20777777777777778 0.030357142857142857 0.06666666666666667
0 0.33107142857142857 0.2738888888888889 0.0375 0.075