0 0.2175 0.3388888888888889 0.0375 0.07111111111111111
1 0.2592857142857143 0.31277777777777777 0.03785714285714286 0.06944444444444445
3 0.30857142857142855 0.37833333333333335 0.04285714285714286 0.09333333333333334
3 0.38357142857142856 0.3422222222222222 0.04 0.07611111111111112
3 0.4492857142857143 0.4161111111111111 0.05964285714285714 0.11222222222222222
3 0.43857142857142856 0.16555555555555557 0.03571428571428571 0.06777777777777778
3 0.5246428571428572 0.18611111111111112 0.023928571428571428 0.05722222222222222
3 0.565 0.1711111111111111 0.025714285714285714 0.042777777777777776
3 0.605 0.22833333333333333 0.03214285714285714 0.07722222222222222
0 0.6317857142857143 0.165 0.025 0.05555555555555555
3 0.6678571428571428 0.16555555555555557 0.019285714285714285 0.049444444444444444
3 0.6535714285714286 0.21722222222222223 0.03142857142857143 0.06277777777777778
0 0.7478571428571429 0.20444444444444446 0.028214285714285713 0.059444444444444446
0 0.6860714285714286 0.28 0.03464285714285714 0.08388888888888889
0 0.7314285714285714 0.2577777777777778 0.029285714285714286 0.06722222222222222
0 0.7775 0.25722222222222224 0.027857142857142858 0.05277777777777778
0 0.48142857142857143 0.20444444444444446 0.030357142857142857 0.06277777777777778
3 0.5153571428571428 0.225 0.03142857142857143 0.06277777777777778
3 0.7717857142857143 0.32055555555555554 0.029285714285714286 0.06666666666666667
0 0.8064285714285714 0.31 0.026071428571428572 0.06166666666666667
0 0.6010714285714286 0.3322222222222222 0.03964285714285714 0.07333333333333333
3 0.6842857142857143 0.20222222222222222 0.030357142857142857 0.06666666666666667
3 0.33035714285714285 0.2783333333333333 0.0375 0.075
3 0.57 0.2238888888888889 0.031071428571428573 0.059444444444444446