0 0.2175 0.3388888888888889 0.03767857142857143 0.07111111111111111
1 0.26357142857142857 0.3188888888888889 0.038214285714285715 0.06916666666666667
0 0.3171428571428571 0.3977777777777778 0.04285714285714286 0.09333333333333334
3 0.38357142857142856 0.33166666666666667 0.04 0.0763888888888889
3 0.4492857142857143 0.41444444444444445 0.059821428571428574 0.11277777777777778
3 0.43857142857142856 0.16555555555555557 0.03571428571428571 0.06833333333333333
0 0.5246428571428572 0.18611111111111112 0.02375 0.05694444444444444
0 0.565 0.1711111111111111 0.025714285714285714 0.0425
3 0.6153571428571428 0.225 0.03214285714285714 0.07694444444444444
3 0.6317857142857143 0.165 0.025 0.05555555555555555
0 0.6657142857142857 0.16777777777777778 0.023035714285714284 0.04472222222222222
3 0.6535714285714286 0.21722222222222223 0.03142857142857143 0.06305555555555556
0 0.7478571428571429 0.20444444444444446 0.028392857142857143 0.059722222222222225
0 0.6817857142857143 0.27444444444444444 0.029107142857142856 0.07333333333333333
0 0.7314285714285714 0.2577777777777778 0.02892857142857143 0.06694444444444445
0 0.7703571428571429 0.2627777777777778 0.027857142857142858 0.0525
0 0.47285714285714286 0.20333333333333334 0.03017857142857143 0.0625
3 0.5153571428571428 0.225 0.03142857142857143 0.06305555555555556
0 0.7717857142857143 0.32055555555555554 0.029285714285714286 0.06666666666666667
3 0.8042857142857143 0.31 0.025892857142857145 0.06194444444444445
0 0.6010714285714286 0.3322222222222222 0.039464285714285716 0.07333333333333333
3 0.6842857142857143 0.20222222222222222 0.03017857142857143 0.06666666666666667
3 0.32821428571428574 0.2783333333333333 0.03767857142857143 0.07472222222222222
3 0.57 0.2238888888888889 0.03125 0.059166666666666666