0 0.21571428571428572 0.3411111111111111 0.0375 0.07111111111111111
3 0.2810714285714286 0.2861111111111111 0.03785714285714286 0.06944444444444445
3 0.3514285714285714 0.28 0.031071428571428573 0.06666666666666667
3 0.3107142857142857 0.37222222222222223 0.03428571428571429 0.06888888888888889
0 0.38607142857142857 0.3527777777777778 0.03642857142857143 0.07166666666666667
0 0.44571428571428573 0.44222222222222224 0.0525 0.11
0 0.43535714285714283 0.16722222222222222 0.027142857142857142 0.05555555555555555
1 0.4835714285714286 0.16277777777777777 0.023571428571428573 0.04555555555555556
3 0.5089285714285714 0.21166666666666667 0.021785714285714287 0.057777777777777775
0 0.5146428571428572 0.14444444444444443 0.019285714285714285 0.03833333333333333
3 0.5739285714285715 0.17333333333333334 0.023214285714285715 0.034444444444444444
0 0.6110714285714286 0.235 0.024642857142857143 0.05555555555555555
0 0.6367857142857143 0.17444444444444446 0.021785714285714287 0.04555555555555556
3 0.6678571428571428 0.15888888888888889 0.019285714285714285 0.049444444444444444
3 0.6467857142857143 0.2838888888888889 0.029285714285714286 0.06333333333333334
3 0.6660714285714285 0.21555555555555556 0.022857142857142857 0.04888888888888889
0 0.7442857142857143 0.20333333333333334 0.028214285714285713 0.059444444444444446
3 0.68 0.26666666666666666 0.020714285714285713 0.057777777777777775
0 0.7428571428571429 0.26722222222222225 0.027142857142857142 0.05555555555555555
0 0.7910714285714285 0.26222222222222225 0.020714285714285713 0.042777777777777776
0 0.48714285714285716 0.20944444444444443 0.022857142857142857 0.055
0 0.5225 0.18944444444444444 0.019285714285714285 0.050555555555555555
0 0.5728571428571428 0.2127777777777778 0.02892857142857143 0.05555555555555555
1 0.6946428571428571 0.19944444444444445 0.026785714285714284 0.057777777777777775
0 0.7753571428571429 0.3283333333333333 0.02892857142857143 0.06277777777777778
3 0.8303571428571429 0.29555555555555557 0.025 0.05722222222222222
3 0.8017857142857143 0.3138888888888889 0.02214285714285714 0.06277777777777778