0 0.21571428571428572 0.3411111111111111 0.037321428571428575 0.07111111111111111
1 0.27214285714285713 0.31055555555555553 0.038214285714285715 0.06972222222222223
0 0.33464285714285713 0.2783333333333333 0.029464285714285714 0.08444444444444445
0 0.32392857142857145 0.4111111111111111 0.045 0.08388888888888889
3 0.3842857142857143 0.33944444444444444 0.03678571428571428 0.07194444444444445
3 0.4525 0.41 0.052321428571428574 0.10944444444444444
3 0.43464285714285716 0.16055555555555556 0.027142857142857142 0.05555555555555555
1 0.4835714285714286 0.16055555555555556 0.023928571428571428 0.04555555555555556
3 0.5121428571428571 0.22111111111111112 0.021607142857142856 0.057777777777777775
3 0.5614285714285714 0.16555555555555557 0.023035714285714284 0.03388888888888889
3 0.6117857142857143 0.2311111111111111 0.02482142857142857 0.05555555555555555
0 0.6321428571428571 0.165 0.025714285714285714 0.06111111111111111
0 0.6639285714285714 0.1622222222222222 0.021964285714285714 0.05333333333333334
1 0.6592857142857143 0.21444444444444444 0.025892857142857145 0.055
1 0.7321428571428571 0.20166666666666666 0.028392857142857143 0.059166666666666666
0 0.6896428571428571 0.27944444444444444 0.030535714285714284 0.07222222222222222
0 0.7346428571428572 0.2638888888888889 0.027142857142857142 0.05555555555555555
3 0.7660714285714286 0.2561111111111111 0.025 0.05472222222222222
0 0.48 0.20166666666666666 0.022857142857142857 0.05472222222222222
3 0.5257142857142857 0.18055555555555555 0.019642857142857142 0.050277777777777775
3 0.5667857142857143 0.215 0.029107142857142856 0.05555555555555555
0 0.7721428571428571 0.3283333333333333 0.02875 0.06305555555555556
3 0.8035714285714286 0.3138888888888889 0.021785714285714287 0.06305555555555556
0 0.6010714285714286 0.3283333333333333 0.039464285714285716 0.08