0 0.21571428571428572 0.3411111111111111 0.0375 0.07111111111111111
1 0.27214285714285713 0.31055555555555553 0.03785714285714286 0.06944444444444445
0 0.33464285714285713 0.2783333333333333 0.029642857142857144 0.08444444444444445
0 0.32392857142857145 0.4111111111111111 0.045 0.08333333333333333
3 0.3842857142857143 0.33944444444444444 0.03642857142857143 0.07166666666666667
3 0.4525 0.41 0.0525 0.11
3 0.43464285714285716 0.16055555555555556 0.027142857142857142 0.05555555555555555
1 0.4835714285714286 0.16055555555555556 0.023571428571428573 0.04555555555555556
3 0.5121428571428571 0.22111111111111112 0.021785714285714287 0.057777777777777775
3 0.5614285714285714 0.16555555555555557 0.023214285714285715 0.034444444444444444
3 0.6117857142857143 0.2311111111111111 0.024642857142857143 0.05555555555555555
0 0.6321428571428571 0.165 0.025714285714285714 0.06111111111111111
0 0.6639285714285714 0.1622222222222222 0.021785714285714287 0.05333333333333334
1 0.6592857142857143 0.21444444444444444 0.026071428571428572 0.05444444444444444
1 0.7321428571428571 0.20166666666666666 0.028214285714285713 0.059444444444444446
0 0.6896428571428571 0.27944444444444444 0.030357142857142857 0.07222222222222222
0 0.7346428571428572 0.2638888888888889 0.027142857142857142 0.05555555555555555
3 0.7660714285714286 0.2561111111111111 0.025 0.055
0 0.48 0.20166666666666666 0.022857142857142857 0.055
3 0.5257142857142857 0.18055555555555555 0.019285714285714285 0.050555555555555555
3 0.5667857142857143 0.215 0.02892857142857143 0.05555555555555555
0 0.7721428571428571 0.3283333333333333 0.02892857142857143 0.06277777777777778
3 0.8035714285714286 0.3138888888888889 0.02214285714285714 0.06277777777777778
0 0.6010714285714286 0.3283333333333333 0.03964285714285714 0.08