0 0.21571428571428572 0.3411111111111111 0.0375 0.07111111111111111
1 0.2807142857142857 0.29777777777777775 0.03785714285714286 0.06944444444444445
1 0.3460714285714286 0.28944444444444445 0.029642857142857144 0.08444444444444445
0 0.315 0.38166666666666665 0.045 0.08333333333333333
3 0.3817857142857143 0.3383333333333333 0.03642857142857143 0.07166666666666667
3 0.4525 0.41 0.0525 0.11
0 0.44035714285714284 0.17333333333333334 0.027142857142857142 0.05555555555555555
3 0.5121428571428571 0.22111111111111112 0.021785714285714287 0.057777777777777775
3 0.5603571428571429 0.16055555555555556 0.025357142857142856 0.045
3 0.6135714285714285 0.23 0.024642857142857143 0.05555555555555555
0 0.6307142857142857 0.16833333333333333 0.025714285714285714 0.06111111111111111
3 0.6657142857142857 0.16277777777777777 0.021785714285714287 0.05333333333333334
3 0.6571428571428571 0.2127777777777778 0.026071428571428572 0.05444444444444444
0 0.7371428571428571 0.20055555555555554 0.028214285714285713 0.059444444444444446
0 0.6821428571428572 0.2838888888888889 0.030357142857142857 0.07222222222222222
0 0.7339285714285714 0.2638888888888889 0.027142857142857142 0.05555555555555555
0 0.7746428571428572 0.26666666666666666 0.025 0.055
0 0.47964285714285715 0.19444444444444445 0.022857142857142857 0.055
3 0.5257142857142857 0.18055555555555555 0.019285714285714285 0.050555555555555555
3 0.5657142857142857 0.21666666666666667 0.02892857142857143 0.05555555555555555
3 0.7721428571428571 0.3283333333333333 0.02892857142857143 0.06277777777777778
3 0.8035714285714286 0.3138888888888889 0.02214285714285714 0.06277777777777778
0 0.6010714285714286 0.3283333333333333 0.03964285714285714 0.08