0 0.21571428571428572 0.3411111111111111 0.037321428571428575 0.07111111111111111
1 0.2664285714285714 0.3188888888888889 0.038214285714285715 0.06916666666666667
3 0.33285714285714285 0.2966666666666667 0.03678571428571428 0.08694444444444445
3 0.315 0.37555555555555553 0.044642857142857144 0.08388888888888889
3 0.3817857142857143 0.3383333333333333 0.03642857142857143 0.07194444444444445
3 0.4417857142857143 0.405 0.052321428571428574 0.11
0 0.44035714285714284 0.17333333333333334 0.027142857142857142 0.05555555555555555
3 0.5246428571428572 0.23777777777777778 0.029285714285714286 0.0625
3 0.5553571428571429 0.16333333333333333 0.02517857142857143 0.04472222222222222
3 0.6135714285714285 0.23 0.024464285714285713 0.05555555555555555
3 0.6307142857142857 0.16833333333333333 0.025714285714285714 0.06111111111111111
0 0.6671428571428571 0.16277777777777777 0.021607142857142856 0.05333333333333334
3 0.6571428571428571 0.2127777777777778 0.025892857142857145 0.05444444444444444
0 0.7410714285714286 0.20166666666666666 0.028035714285714285 0.059166666666666666
0 0.6817857142857143 0.26722222222222225 0.030535714285714284 0.07222222222222222
0 0.7371428571428571 0.265 0.027142857142857142 0.05555555555555555
0 0.7746428571428572 0.26666666666666666 0.025 0.05527777777777778
0 0.475 0.19666666666666666 0.022857142857142857 0.05527777777777778
3 0.5257142857142857 0.18055555555555555 0.019642857142857142 0.050277777777777775
3 0.5664285714285714 0.21777777777777776 0.02875 0.05555555555555555
3 0.7721428571428571 0.32944444444444443 0.02875 0.06305555555555556
3 0.8035714285714286 0.3138888888888889 0.021785714285714287 0.06305555555555556
0 0.6010714285714286 0.3283333333333333 0.039464285714285716 0.08