0 0.21571428571428572 0.3411111111111111 0.037321428571428575 0.07111111111111111
3 0.2742857142857143 0.3038888888888889 0.0375 0.06972222222222223
3 0.3271428571428571 0.2966666666666667 0.03678571428571428 0.08694444444444445
3 0.315 0.37555555555555553 0.044642857142857144 0.08388888888888889
3 0.3817857142857143 0.3383333333333333 0.03642857142857143 0.07194444444444445
0 0.44357142857142856 0.4161111111111111 0.05303571428571428 0.11638888888888889
3 0.43607142857142855 0.1638888888888889 0.027142857142857142 0.07194444444444445
0 0.5167857142857143 0.23222222222222222 0.030892857142857142 0.06833333333333333
3 0.5757142857142857 0.18333333333333332 0.02142857142857143 0.041666666666666664
3 0.6064285714285714 0.2311111111111111 0.024464285714285713 0.05555555555555555
1 0.635 0.1711111111111111 0.025714285714285714 0.06166666666666667
0 0.66 0.1622222222222222 0.021607142857142856 0.05333333333333334
0 0.7496428571428572 0.20333333333333334 0.028035714285714285 0.059722222222222225
3 0.6789285714285714 0.24166666666666667 0.028035714285714285 0.0636111111111111
0 0.7371428571428571 0.265 0.027142857142857142 0.05555555555555555
0 0.7746428571428572 0.26666666666666666 0.025 0.05527777777777778
0 0.4825 0.1711111111111111 0.028035714285714285 0.06694444444444445
3 0.5257142857142857 0.18055555555555555 0.019642857142857142 0.050277777777777775
3 0.5664285714285714 0.21777777777777776 0.02875 0.05555555555555555
3 0.7685714285714286 0.33 0.02875 0.0625
3 0.8035714285714286 0.3138888888888889 0.021785714285714287 0.06305555555555556
0 0.6010714285714286 0.3283333333333333 0.039464285714285716 0.08
0 0.48214285714285715 0.2311111111111111 0.029642857142857144 0.057777777777777775