0 0.21571428571428572 0.3411111111111111 0.0375 0.07111111111111111
0 0.2782142857142857 0.29444444444444445 0.03785714285714286 0.06944444444444445
0 0.3289285714285714 0.27666666666666667 0.03642857142857143 0.08722222222222223
0 0.3028571428571429 0.37166666666666665 0.045 0.08333333333333333
0 0.38321428571428573 0.3377777777777778 0.03642857142857143 0.07166666666666667
0 0.44642857142857145 0.3088888888888889 0.053214285714285714 0.11611111111111111
0 0.44142857142857145 0.1622222222222222 0.027142857142857142 0.07166666666666667
0 0.5128571428571429 0.2238888888888889 0.031071428571428573 0.06777777777777778
1 0.5775 0.18666666666666668 0.02142857142857143 0.04111111111111111
0 0.6182142857142857 0.23944444444444443 0.03142857142857143 0.06388888888888888
1 0.6157142857142858 0.18055555555555555 0.025714285714285714 0.06111111111111111
0 0.66 0.15833333333333333 0.021785714285714287 0.05333333333333334
0 0.7271428571428571 0.19944444444444445 0.028214285714285713 0.059444444444444446
0 0.6789285714285714 0.25555555555555554 0.028214285714285713 0.06388888888888888
1 0.6357142857142857 0.15333333333333332 0.0225 0.05722222222222222
1 0.7846428571428572 0.15944444444444444 0.02892857142857143 0.06277777777777778
0 0.5221428571428571 0.1738888888888889 0.017857142857142856 0.042777777777777776
3 0.5621428571428572 0.21777777777777776 0.02892857142857143 0.05555555555555555
0 0.765 0.30666666666666664 0.031071428571428573 0.07166666666666667
1 0.8214285714285714 0.31 0.03464285714285714 0.07944444444444444
0 0.6092857142857143 0.3038888888888889 0.03964285714285714 0.08
0 0.4732142857142857 0.18944444444444444 0.029285714285714286 0.057777777777777775
0 0.69 0.19555555555555557 0.027142857142857142 0.06166666666666667
0 0.8710714285714286 0.36 0.04392857142857143 0.07833333333333334