0 0.21571428571428572 0.3411111111111111 0.037321428571428575 0.07111111111111111
3 0.2810714285714286 0.2861111111111111 0.03785714285714286 0.06972222222222223
0 0.3457142857142857 0.2838888888888889 0.02982142857142857 0.08444444444444445
0 0.32142857142857145 0.3933333333333333 0.04535714285714286 0.08388888888888889
0 0.38392857142857145 0.3561111111111111 0.03642857142857143 0.07194444444444445
0 0.45714285714285713 0.42833333333333334 0.05267857142857143 0.11
3 0.43464285714285716 0.16055555555555556 0.027142857142857142 0.05555555555555555
1 0.4835714285714286 0.16277777777777777 0.023928571428571428 0.04555555555555556
3 0.5089285714285714 0.21166666666666667 0.021964285714285714 0.057777777777777775
0 0.5192857142857142 0.15055555555555555 0.01892857142857143 0.03861111111111111
3 0.5714285714285714 0.1738888888888889 0.023035714285714284 0.034444444444444444
0 0.6110714285714286 0.235 0.02482142857142857 0.05555555555555555
0 0.6367857142857143 0.17444444444444446 0.021964285714285714 0.04611111111111111
0 0.6678571428571428 0.16166666666666665 0.01892857142857143 0.04972222222222222
1 0.6575 0.29 0.029285714285714286 0.06388888888888888
3 0.6660714285714285 0.21555555555555556 0.022857142857142857 0.04888888888888889
0 0.7442857142857143 0.20333333333333334 0.028392857142857143 0.059722222222222225
3 0.6928571428571428 0.2727777777777778 0.02035714285714286 0.057777777777777775
0 0.7428571428571429 0.26722222222222225 0.027142857142857142 0.05555555555555555
0 0.7910714285714285 0.26222222222222225 0.020714285714285713 0.0425
0 0.48428571428571426 0.21166666666666667 0.022857142857142857 0.05472222222222222
0 0.5225 0.18944444444444444 0.019285714285714285 0.050277777777777775
1 0.5710714285714286 0.2127777777777778 0.029107142857142856 0.05555555555555555
0 0.6996428571428571 0.21166666666666667 0.026607142857142857 0.057777777777777775
0 0.7721428571428571 0.3283333333333333 0.02875 0.06305555555555556
0 0.8303571428571429 0.29555555555555557 0.025 0.0575
3 0.8035714285714286 0.3138888888888889 0.021785714285714287 0.06305555555555556